40
40
40
40
40
40
40
40
40
40
40
40
40
40
40
40
40
40
40
40
40
40
40
40
40
40
40
40
40
40
40
40
40
40
40
40
40
40
40
40
40
17.0269
27.243
31.586
33.7885
35.079
35.9201
36.5112
36.9493
37.2866
37.5537
37.7695
37.9466
38.0934
38.2159
38.3184
38.4041
38.4752
38.5337
38.5807
38.6172
38.6441
38.6617
38.6703
38.6699
38.6606
38.6419
38.6133
38.5739
38.5227
38.4578
38.377
38.277
38.153
37.9981
37.8013
37.5446
37.1961
36.6931
35.8966
34.4526
31.3206
12.7245
20.3591
25.3126
28.4891
30.6074
32.0903
33.1755
33.9993
34.6434
35.1585
35.5778
35.9235
36.2112
36.4519
36.6537
36.8227
36.9632
37.0787
37.1718
37.2442
37.2974
37.3323
37.3494
37.3489
37.3306
37.2937
37.2373
37.1598
37.0589
36.9315
36.7732
36.5779
36.337
36.0381
35.6624
35.181
34.5467
33.6796
32.4407
30.5933
27.8121
10.0978
16.1564
20.8162
24.2477
26.7713
28.6582
30.101
31.2292
32.1291
32.8592
33.4596
33.9584
34.3759
34.7267
35.0219
35.2697
35.4762
35.6463
35.7834
35.8904
35.9691
36.0208
36.0463
36.0458
36.019
35.965
35.8825
35.7691
35.6217
35.4361
35.2063
34.9243
34.579
34.1548
33.6294
32.9704
32.13
31.0378
29.5932
27.6679
25.1526
8.34538
13.3526
17.5482
20.9142
23.5717
25.6703
27.3412
28.6872
29.7848
30.6897
31.443
32.0747
32.6072
33.0572
33.4376
33.7579
34.0257
34.2467
34.4253
34.5648
34.6677
34.7354
34.7691
34.7689
34.7346
34.665
34.5585
34.4123
34.2228
33.9849
33.6917
33.3341
32.9
32.3727
31.7299
30.941
29.9652
28.7486
27.2264
25.3324
23.0294
7.10026
11.3604
15.1098
18.2891
20.9312
23.1099
24.9063
26.3938
27.6329
28.6718
29.5479
30.2902
30.9209
31.4574
31.9132
32.2986
32.622
32.8896
33.1063
33.276
33.4013
33.4842
33.5257
33.5262
33.4853
33.402
33.2741
33.099
32.8723
32.5889
32.2414
31.8205
31.314
30.7061
29.9764
29.0988
28.041
26.7652
25.2312
23.4058
21.278
6.17435
9.87896
13.2416
16.2011
18.7541
20.9318
22.7804
24.3487
25.6814
26.8167
27.7867
28.6172
29.3289
29.9384
30.4591
30.9015
31.274
31.5833
31.8344
32.0315
32.1775
32.2744
32.3233
32.3249
32.2786
32.1834
32.0372
31.837
31.5787
31.2569
30.8645
30.3925
29.8295
29.1614
28.3708
27.4366
26.3349
25.0399
23.5276
21.7816
19.8015
5.46218
8.73949
11.7764
14.5198
16.9523
19.0827
20.9349
22.5393
23.927
25.1271
26.1651
27.0629
27.839
28.5083
29.0834
29.5743
29.9893
30.335
30.6166
30.8382
31.0027
31.1124
31.1684
31.1714
31.1208
31.0158
30.8542
30.6331
30.3487
29.9956
29.5672
29.0555
28.4502
27.7393
26.9087
25.942
24.8221
23.532
22.0576
20.3916
18.5379
4.90024
7.84039
10.6048
13.1493
15.4525
17.5117
19.3373
20.9466
22.3603
23.5994
24.6836
25.6306
26.4557
27.1724
27.7917
28.323
28.774
29.1509
29.4589
29.7019
29.8829
30.004
30.0667
30.0713
30.0176
29.9047
29.7306
29.4927
29.1872
28.8094
28.3534
27.8119
27.1765
26.437
25.5825
24.6007
23.4796
22.2083
20.7791
19.1895
17.445
4.44813
7.117
9.65316
12.0202
14.1967
16.1745
17.9558
19.5495
20.9683
22.2267
23.3394
24.3199
25.1811
25.9339
26.5881
27.152
27.6326
28.0358
28.3661
28.6275
28.8229
28.9542
29.0229
29.0295
28.9737
28.8548
28.671
28.4199
28.0981
27.7015
27.225
26.6624
26.0067
25.2499
24.3835
23.3987
22.2873
21.0427
19.6609
18.1423
16.493
4.07896
6.52633
8.87058
11.0817
13.1396
15.0339
16.7619
18.3271
19.7367
20.9999
22.1271
23.1288
24.0147
24.794
25.4748
26.0644
26.5688
26.9933
27.3423
27.6193
27.8269
27.9671
28.0413
28.0499
27.993
27.8697
27.6787
27.4176
27.0838
26.6736
26.1827
25.606
24.938
24.1724
23.3029
22.3233
21.2284
20.0142
18.6794
17.226
15.66
3.77424
6.03878
8.22116
10.2963
12.2462
14.0594
15.731
17.2605
18.6513
19.909
21.0405
22.0533
22.9549
23.7525
24.4528
25.0618
25.5849
26.0265
26.3906
26.6804
26.8982
27.0461
27.1252
27.136
27.0787
26.9525
26.7563
26.4882
26.1459
25.7264
25.2261
24.6411
23.9668
23.1988
22.3323
21.3634
20.2886
19.1062
17.8165
16.4222
14.9293
3.52088
5.63341
7.67893
9.63631
11.4893
13.2267
14.842
16.3326
17.6991
18.9444
20.0727
21.0891
21.9992
22.8084
23.5221
24.1453
24.6823
25.1372
25.5133
25.8133
26.0396
26.1939
26.2773
26.2903
26.2332
26.1053
25.9057
25.6331
25.2853
24.86
24.3544
23.7653
23.0895
22.3235
21.4643
20.5092
19.4565
18.3057
17.0581
15.7171
14.2882
3.30941
5.29505
7.22485
9.0807
10.848
12.5161
14.0776
15.5288
16.8682
18.0968
19.2167
20.2312
21.1442
21.9598
22.682
23.3149
23.862
24.3267
24.7119
25.02
25.2531
25.4126
25.4997
25.5149
25.4584
25.3298
25.1284
24.853
24.5021
24.0739
23.5661
22.9763
22.3023
21.5416
20.6922
19.7527
18.7224
17.602
16.3932
15.0997
13.727
3.13284
5.01254
6.84471
8.6136
10.3061
11.9119
13.4237
14.8366
16.1482
17.3578
18.4661
19.4749
20.3868
21.2046
21.9313
22.5702
23.1241
23.5957
23.9876
24.3018
24.5401
24.7038
24.794
24.8112
24.7556
24.627
24.425
24.1485
23.7964
23.3674
22.8597
22.2717
21.6017
20.8483
20.0102
19.0869
18.0786
16.9865
15.813
14.5617
13.2379
2.98598
4.77757
6.52785
8.2229
9.8508
11.4019
12.8686
14.2459
15.5302
16.72
17.8149
18.8155
19.7234
20.5403
21.2686
21.9105
22.4684
22.9446
23.341
23.6595
23.9017
24.0686
24.1613
24.1803
24.1258
23.9979
23.796
23.5195
23.1677
22.7395
22.2336
21.649
20.9846
20.2396
19.4134
18.5062
17.5187
16.4525
15.3104
14.0962
12.8147
2.86494
4.58391
6.26623
7.89936
9.47237
10.9761
12.4031
13.748
15.0068
16.1772
17.258
18.249
19.1509
19.9648
20.6922
21.3348
21.8945
22.3731
22.7723
23.0936
23.3384
23.5077
23.6023
23.6229
23.5696
23.4426
23.2415
22.966
22.6155
22.1892
21.6863
21.1062
20.4482
19.7121
18.8977
18.0058
17.0374
15.9945
14.8801
13.6978
12.4526
2.76682
4.4269
6.05378
7.63596
9.16326
10.6269
12.0198
13.3361
14.5718
15.724
16.7908
17.7717
18.6664
19.4757
20.2005
20.8421
21.4018
21.8811
22.2816
22.6043
22.8506
23.0214
23.1175
23.1393
23.0872
22.9613
22.7615
22.4876
22.139
21.7154
21.2163
20.6412
19.99
19.2627
18.4596
17.5818
16.6305
15.6081
14.5175
13.3626
12.1478
2.68945
4.30312
5.88602
7.42746
8.91778
10.3486
11.7129
13.005
14.2204
15.356
16.4097
17.3804
18.2675
19.0712
19.7921
20.4311
20.9894
21.4681
21.8684
22.1915
22.4384
22.6099
22.7068
22.7296
22.6786
22.554
22.3557
22.0837
21.7376
21.3172
20.8222
20.2524
19.608
18.8891
18.0964
17.2311
16.2949
15.2899
14.2194
13.087
11.8973
2.63131
4.21009
5.75974
7.27006
8.73181
10.1369
11.4783
12.7504
13.9488
15.07
16.1118
17.0726
17.9519
18.7494
19.4656
20.101
20.6566
21.1335
21.5325
21.8549
22.1015
22.273
22.3703
22.3937
22.3437
22.2204
22.0238
21.7539
21.4105
20.9935
20.5028
19.9384
19.3004
18.5892
17.8059
16.9514
16.0278
15.0374
13.9832
12.8689
11.699
2.59138
4.14621
5.6728
7.16124
8.60254
9.98872
11.313
12.5697
13.7543
14.8634
15.8947
16.8465
17.718
18.509
19.2197
19.8507
20.4027
20.8766
21.2734
21.5941
21.8395
22.0105
22.1076
22.1313
22.082
21.96
21.7651
21.4975
21.1571
20.7436
20.2572
19.6979
19.0659
18.3617
17.5863
16.741
15.8276
14.8486
13.807
12.7064
11.5513
2.5691
4.11056
5.624
7.09958
8.52839
9.90253
11.2152
12.461
13.6353
14.7348
15.7571
16.7007
17.5647
18.349
19.0537
19.6793
20.2268
20.6968
21.0904
21.4086
21.6521
21.8218
21.9182
21.9419
21.8932
21.7723
21.5793
21.314
20.9766
20.5668
20.0846
19.5301
18.9035
18.2054
17.4367
16.5986
15.6931
14.7224
13.6897
12.5985
11.4532
2.56434
4.10294
5.61305
7.08471
8.50891
9.87775
11.1845
12.4237
13.5911
14.6833
15.6982
16.6344
17.4912
18.2685
18.9667
19.5863
20.1282
20.5935
20.983
21.2977
21.5386
21.7064
21.8017
21.825
21.7767
21.6569
21.4656
21.2028
20.8685
20.4623
19.9842
19.4343
18.8127
18.1198
17.3564
16.5238
15.6237
14.6584
13.6308
12.5447
11.4043
2.57738
4.12381
5.64055
7.11729
8.54479
9.91505
11.2214
12.4584
13.622
14.7092
15.7181
16.6475
17.4972
18.2672
18.9582
19.5709
20.1064
20.5658
20.9502
21.2607
21.4981
21.6634
21.7571
21.7797
21.7316
21.6128
21.4234
21.1633
20.8321
20.4297
19.9558
19.4103
18.7931
18.1046
17.3454
16.5165
15.6195
14.6565
13.6306
12.5452
11.4048
2.60899
4.17438
5.70806
7.19912
8.63793
10.0163
11.3275
12.5664
13.7292
14.8134
15.8173
16.7405
17.5828
18.345
19.0279
19.6328
20.1608
20.6132
20.9915
21.2967
21.5299
21.692
21.7836
21.8052
21.7572
21.6395
21.4521
21.1947
20.867
20.4686
19.999
19.4579
18.845
18.1602
17.4041
16.5773
15.6811
14.7177
13.6898
12.6009
11.4553
2.66041
4.25666
5.81819
7.33321
8.79151
10.1847
11.506
12.7506
13.9152
14.9978
15.9974
16.9142
17.7487
18.5021
19.1758
19.7714
20.2906
20.7349
21.1058
21.4048
21.6329
21.7911
21.8801
21.9004
21.8523
21.7358
21.5507
21.2965
20.9727
20.5787
20.1138
19.5773
18.9686
18.2873
17.5334
16.7073
15.8101
14.8435
13.81
12.7132
11.5574
2.73354
4.37367
5.97483
7.52402
9.01027
10.4248
11.7612
13.0149
14.1832
15.2651
16.2604
17.1701
17.9957
18.7389
19.4018
19.9866
20.4953
20.9299
21.2922
21.5837
21.8057
21.9593
22.0453
22.0641
22.016
21.9008
21.7183
21.4678
21.1486
20.7598
20.3002
19.7689
19.1648
18.487
17.7349
16.9086
16.0085
15.0361
13.9935
12.8844
11.713
2.83103
4.52965
6.18344
7.77777
9.30072
10.7432
12.099
13.3644
14.5377
15.6189
16.6091
17.5103
18.325
19.0559
19.706
20.2778
20.7741
21.1972
21.5493
21.832
22.047
22.1952
22.2777
22.2948
22.2467
22.1332
21.9538
21.7079
21.3942
21.0116
20.5585
20.0334
19.4347
18.7609
18.0108
17.1836
16.2793
15.2987
14.2437
13.1177
11.9252
2.95653
4.73045
6.45151
8.10293
9.6716
11.1483
12.5273
13.8061
14.9844
16.0637
17.0467
17.9369
18.7381
19.4539
20.0883
20.6446
21.1262
21.5357
21.8757
22.1482
22.3549
22.497
22.5754
22.5907
22.5427
22.4314
22.2561
22.0156
21.7088
21.3338
20.8887
20.3714
19.7796
19.1111
18.3637
17.5358
16.6264
15.6357
14.5651
13.4175
12.1977
3.11507
4.98411
6.78923
8.51082
10.1345
11.651
13.0559
14.3483
15.53
16.6047
17.5772
18.4527
19.2364
19.9334
20.5486
21.0863
21.5502
21.9437
22.2696
22.5302
22.7274
22.8625
22.9364
22.9497
22.9022
22.7938
22.6234
22.3898
22.0914
21.7261
21.2912
20.784
20.2014
19.5401
18.7971
17.9694
17.0549
16.0527
14.9634
13.7894
12.5359
3.31356
5.3017
7.21048
9.01665
10.7045
12.2654
13.697
15.0011
16.1826
17.2481
18.2048
19.0602
19.8213
20.4948
21.0865
21.6016
22.0446
22.4193
22.7288
22.9757
23.162
23.2891
23.3581
23.3693
23.3228
23.218
23.0539
22.8289
22.5411
22.1878
21.766
21.272
20.7018
20.051
19.3151
18.4897
17.5711
16.5568
15.4462
14.2411
12.9464
3.56166
5.69865
7.73434
9.64082
11.4013
13.0092
14.4656
15.7765
16.9513
18.0001
18.9337
19.7619
20.494
21.138
21.7011
22.1892
22.6074
22.9601
23.2506
23.4817
23.6557
23.774
23.8375
23.8468
23.8017
23.7015
23.5452
23.3309
23.0562
22.7182
22.313
21.8363
21.2829
20.6471
19.9226
19.1033
18.1831
17.1573
16.0235
14.7823
13.4384
3.87306
6.1969
8.38743
10.4109
12.2508
13.9046
15.3795
16.6882
17.8458
18.8675
19.7679
20.5598
21.2547
21.8622
22.3905
22.8465
23.2358
23.563
23.8317
24.0451
24.2051
24.3135
24.3712
24.3786
24.3355
24.2413
24.0945
23.8932
23.6348
23.3156
22.9315
22.4772
21.9464
21.3317
20.6251
19.8177
18.9006
17.866
16.7082
15.426
14.0237
4.26779
6.82846
9.20755
11.3647
13.2864
14.9789
16.4597
17.7511
18.8761
19.8563
20.7105
21.4548
22.1028
22.6656
23.1524
23.5706
23.9263
24.2243
24.4684
24.6616
24.8062
24.9038
24.9552
24.9609
24.9206
24.8336
24.6983
24.5128
24.274
23.9781
23.6203
23.1947
22.6936
22.1084
21.4284
20.6417
19.7357
18.6977
17.5175
16.19
14.7181
4.776
7.6416
10.2496
12.5538
14.5512
16.2649
17.7292
18.9803
20.0514
20.971
21.7629
22.4461
23.036
23.545
23.9828
24.3572
24.6745
24.9394
25.1559
25.3269
25.4544
25.5402
25.585
25.5892
25.5525
25.4741
25.3525
25.1855
24.9702
24.7024
24.3771
23.9875
23.5252
22.9798
22.3383
21.5852
20.7026
19.6715
18.4741
17.0982
15.5438
5.44521
8.71233
11.5955
14.0498
16.0997
17.8002
19.2119
20.3895
21.3781
22.2136
22.924
23.5307
24.0503
24.4956
24.8766
25.201
25.475
25.7031
25.889
26.0354
26.1445
26.2175
26.2554
26.2583
26.226
26.1578
26.052
25.9067
25.7189
25.4844
25.1981
24.8529
24.4399
23.9472
23.3598
22.6581
21.8182
20.8118
19.609
18.185
16.5318
6.35438
10.167
13.3702
15.9502
17.9977
19.6244
20.9288
21.9876
22.8579
23.5814
24.1888
24.7023
25.1388
25.5105
25.827
26.0954
26.3213
26.5089
26.6615
26.7814
26.8706
26.9301
26.9607
26.9626
26.9356
26.8789
26.7912
26.6705
26.5141
26.3182
26.0779
25.7862
25.4342
25.0095
24.4955
23.8693
23.1003
22.1485
20.9651
19.5009
17.7281
7.64446
12.2311
15.7681
18.3831
20.3163
21.771
22.8913
23.7742
24.4843
25.0654
25.5473
25.9512
26.292
26.5806
26.8254
27.0323
27.2059
27.3498
27.4666
27.5582
27.6263
27.6716
27.6947
27.6959
27.6749
27.631
27.5633
27.47
27.3488
27.1966
27.009
26.7799
26.5012
26.1612
25.7433
25.2232
24.5653
23.7167
22.6021
21.1255
19.205
9.59058
15.3449
19.088
21.4979
23.1136
24.2519
25.0912
25.7335
26.2399
26.6485
26.984
27.2631
27.4972
27.6948
27.8617
28.0024
28.1202
28.2177
28.2968
28.3588
28.4047
28.4352
28.4507
28.4514
28.437
28.4071
28.3609
28.2973
28.2146
28.1104
27.9814
27.8233
27.6296
27.3909
27.0933
26.715
26.2209
25.551
24.6011
23.1939
21.0854
12.7937
20.47
23.7412
25.4068
26.3881
27.032
27.488
27.8287
28.0933
28.3048
28.4772
28.6198
28.7391
28.8395
28.9241
28.9954
29.0549
29.1042
29.1441
29.1753
29.1984
29.2138
29.2216
29.2219
29.2146
29.1994
29.176
29.1438
29.1018
29.0488
28.9831
28.9023
28.8028
28.6794
28.5239
28.3228
28.0522
27.6652
27.0575
25.9637
23.6034
30
30
30
30
30
30
30
30
30
30
30
30
30
30
30
30
30
30
30
30
30
30
30
30
30
30
30
30
30
30
30
30
30
30
30
30
30
30
30
30
30
