40
40
40
40
40
40
40
40
40
40
40
40
40
40
40
40
40
40
40
40
40
40
40
40
40
40
40
40
40
40
40
40
40
40
40
40
40
40
40
40
40
16.9229
27.0767
31.358
33.4999
34.7309
35.5141
36.0491
36.4329
36.7182
36.9357
37.1046
37.2375
37.343
37.4274
37.4949
37.5489
37.5919
37.6256
37.6516
37.6707
37.6839
37.6915
37.6938
37.691
37.6829
37.6691
37.6492
37.6221
37.5866
37.5411
37.483
37.4091
37.3145
37.1921
37.0307
36.8123
36.5049
36.0455
35.295
33.8993
30.8175
12.5173
20.0276
24.8583
27.9138
29.9138
31.2813
32.2545
32.9704
33.5108
33.9271
34.2528
34.5104
34.7158
34.8804
35.0126
35.1185
35.2029
35.2692
35.3203
35.358
35.3839
35.3989
35.4036
35.3981
35.3822
35.3552
35.316
35.2629
35.1936
35.1047
34.9917
34.8485
34.6661
34.4318
34.1268
33.7218
33.1692
32.389
31.2418
29.4906
26.8097
9.78887
15.6622
20.1388
23.39
25.7371
27.4519
28.7279
29.695
30.4405
31.0233
31.4841
31.8515
32.1463
32.3837
32.575
32.7288
32.8516
32.9484
33.0229
33.0781
33.116
33.1381
33.145
33.1371
33.1139
33.0747
33.0178
32.9408
32.8405
32.7124
32.5502
32.3458
32.0877
31.7599
31.3398
30.7947
30.0763
29.1137
27.8057
26.0238
23.658
7.93698
12.6992
16.6526
19.7802
22.2044
24.0754
25.5258
26.6589
27.5522
28.2624
28.8311
29.2891
29.6595
29.9595
30.2025
30.3986
30.5556
30.6797
30.7756
30.8467
30.8956
30.9241
30.9332
30.9232
30.8937
30.8436
30.7709
30.673
30.5456
30.3837
30.1799
29.9249
29.606
29.2063
28.7027
28.0644
27.2498
26.2046
24.8631
23.1586
21.0533
6.59528
10.5525
14.0024
16.887
19.2405
21.1379
22.6616
23.8859
24.8725
25.6705
26.3183
26.8458
27.2761
27.6271
27.913
28.1448
28.3312
28.479
28.5934
28.6784
28.7371
28.7714
28.7826
28.7709
28.736
28.6767
28.5907
28.4751
28.3254
28.1359
27.899
27.6049
27.241
26.7907
26.2332
25.5418
24.6834
23.6194
22.309
20.7179
18.8345
5.57638
8.92221
11.9302
14.5409
16.7521
18.5967
20.1223
21.3789
22.4125
23.2627
23.9624
24.5385
25.0128
25.4027
25.7222
25.9826
26.193
26.3603
26.4902
26.5871
26.6541
26.6935
26.7065
26.6936
26.6544
26.5877
26.4911
26.3614
26.1942
25.9836
25.7222
25.4004
25.0062
24.5248
23.9381
23.2244
22.3588
21.3146
20.067
18.5986
16.9078
4.77544
7.6407
10.2704
12.613
14.653
16.4009
17.8821
19.1286
20.1728
21.0453
21.7729
22.3786
22.882
23.299
23.643
23.925
24.1537
24.3364
24.4788
24.5852
24.6591
24.7027
24.7174
24.7038
24.6613
24.5889
24.4843
24.3442
24.1643
23.939
23.6611
23.3218
22.9104
22.4139
21.8175
21.1041
20.2553
19.2533
18.0829
16.7358
15.2143
4.12952
6.60723
8.91459
11.0094
12.8721
14.502
15.9111
17.1187
18.147
19.0184
19.7542
20.3733
20.8924
21.3259
21.6859
21.9826
22.2244
22.4184
22.5701
22.6839
22.7631
22.8101
22.8263
22.8123
22.7678
22.6915
22.5813
22.4342
22.2461
22.0117
21.7245
21.3766
20.9587
20.4599
19.8683
19.1707
18.354
17.4061
16.318
15.0862
13.7148
3.59874
5.75798
7.79041
9.66184
11.3529
12.8576
14.1799
15.3308
16.3248
17.1781
17.9067
18.526
19.0498
19.4905
19.8589
20.1642
20.4144
20.6158
20.7739
20.8929
20.976
21.0256
21.0431
21.0291
20.9834
20.9048
20.7914
20.6404
20.448
20.2095
19.919
19.5698
19.1538
18.6623
18.0856
17.414
16.6381
15.7498
14.7441
13.6199
12.3817
3.1567
5.05072
6.84804
8.52098
10.0518
11.4323
12.6621
13.7466
14.6948
15.518
16.2283
16.8376
17.3572
17.7976
18.1681
18.4768
18.731
18.9365
19.0984
19.2207
19.3064
19.3578
19.3764
19.3627
19.3166
19.2372
19.1225
18.9702
18.7769
18.5382
18.2493
17.9043
17.4966
17.019
16.4642
15.8247
15.094
14.2668
13.3403
12.3151
11.1956
2.78534
4.45654
6.05245
7.55057
8.93523
10.1976
11.3348
12.3488
13.245
14.0309
14.7153
15.3074
15.8162
16.2503
16.6178
16.9256
17.1803
17.387
17.5505
17.6743
17.7615
17.8141
17.8335
17.8204
17.7746
17.6954
17.5811
17.4297
17.238
17.0024
16.7188
16.3821
15.987
15.5278
14.9988
14.3945
13.7103
12.943
12.0911
11.156
10.1418
2.47192
3.95507
5.3785
6.72377
7.97725
9.13027
10.1788
11.1225
11.9644
12.7092
13.3631
13.9332
14.4266
14.8502
15.2109
15.5146
15.7668
15.9725
16.1357
16.2597
16.3473
16.4005
16.4206
16.4082
16.3633
16.2852
16.1726
16.0235
15.8355
15.6054
15.3295
15.0039
14.6242
14.1859
13.6846
13.1164
12.478
11.7675
10.9845
10.1305
9.20958
2.20727
3.53163
4.8078
6.02051
7.15794
8.21197
9.178
10.0545
10.8427
11.5453
12.1669
12.7124
13.1876
13.598
13.9491
14.2463
14.4941
14.697
14.8584
14.9816
15.0689
15.1222
15.1427
15.1311
15.0874
15.0111
14.901
14.7555
14.5725
14.3493
14.0829
13.77
13.4071
12.9907
12.5174
11.9844
11.3895
10.7317
10.0111
9.22947
8.39043
1.98467
3.17547
4.32671
5.4256
6.46186
7.42804
8.3194
9.13371
9.8709
10.5326
11.1216
11.6419
12.0975
12.4932
12.8334
13.1225
13.3645
13.5633
13.7221
13.8435
13.9299
13.9829
14.0037
13.993
13.9507
13.8766
13.7696
13.6284
13.4512
13.2358
12.9796
12.68
12.3342
11.9395
11.4932
10.9935
10.4388
9.82866
9.16367
8.44568
7.67789
1.79913
2.8786
3.92501
4.92747
5.87703
6.76686
7.59229
8.35072
9.0413
9.66473
10.2228
10.7184
11.1546
11.5351
11.8637
12.144
12.3796
12.5736
12.729
12.8482
12.9333
12.9858
13.0067
12.9968
12.9561
12.8844
12.7808
12.6442
12.4731
12.2656
12.0198
11.7333
11.4041
11.0298
10.6087
10.1393
9.6207
9.05282
8.43648
7.7735
7.06682
1.64689
2.63503
3.59497
4.51731
5.39414
6.21921
6.98804
7.69781
8.34724
8.93634
9.46622
9.93881
10.3566
10.7226
11.0397
11.3112
11.5401
11.7291
11.8809
11.9976
12.0811
12.1328
12.1538
12.1447
12.1055
12.0361
11.9359
11.8039
11.6389
11.4392
11.2032
10.929
10.615
10.2594
9.86081
9.4182
8.93109
8.39965
7.82483
7.20843
6.55312
1.52516
2.44026
3.33077
4.18838
5.00599
5.77788
6.49974
7.16868
7.78313
8.34269
8.84794
9.30024
9.70153
10.0542
10.3607
10.6239
10.8463
11.0304
11.1785
11.2927
11.3745
11.4255
11.4464
11.4379
11.4002
11.3331
11.2361
11.1084
10.9489
10.7563
10.5292
10.266
9.96547
9.6261
9.24687
8.82708
8.36648
7.86544
7.32498
6.74683
6.13348
1.43185
2.29095
3.12803
3.93557
4.7071
5.43725
6.12192
6.75822
7.34441
7.87982
8.36467
8.79994
9.18716
9.52831
9.82558
10.0813
10.2979
10.4775
10.6222
10.734
10.8143
10.8643
10.8851
10.8772
10.8407
10.7756
10.6814
10.5575
10.4029
10.2164
9.99696
9.74317
9.45385
9.12793
8.76457
8.36327
7.92398
7.44716
6.93387
6.3858
5.80527
1.36542
2.18467
2.98358
3.75517
4.49337
5.19312
5.85044
6.46247
7.02741
7.54443
8.01355
8.43549
8.81155
9.14342
9.43309
9.68265
9.89425
10.07
10.2118
10.3214
10.4002
10.4495
10.4701
10.4625
10.4271
10.3636
10.2718
10.151
10.0004
9.81892
9.60554
9.35913
9.07862
8.76308
8.41184
8.02452
7.60118
7.14234
6.64907
6.123
5.56636
1.32485
2.11976
2.89522
3.64456
4.36193
5.04245
5.68223
6.27846
6.82933
7.33394
7.79223
8.20482
8.57286
8.89794
9.1819
9.42672
9.63446
9.80708
9.94645
10.0542
10.1318
10.1804
10.2007
10.1935
10.1588
10.0966
10.0065
9.88808
9.74044
9.56266
9.35372
9.11258
8.83825
8.52989
8.18689
7.80894
7.39612
6.949
6.46863
5.95661
5.4151
1.30951
2.09521
2.86163
3.60215
4.311
4.98332
5.61531
6.20419
6.74819
7.24644
7.69889
8.10618
8.46948
8.79033
9.07058
9.31221
9.51722
9.68758
9.82513
9.93149
10.0081
10.056
10.0761
10.0689
10.0347
9.97332
9.88447
9.76759
9.62187
9.44641
9.24018
9.00214
8.73132
8.42688
8.0882
7.71496
7.30726
6.86562
6.39109
5.88525
5.35023
1.31917
2.11067
2.88231
3.62732
4.3398
5.01486
5.64869
6.23856
6.78279
7.28065
7.7322
8.13821
8.49997
8.81915
9.09768
9.33762
9.54106
9.71
9.84631
9.95166
10.0275
10.0749
10.0947
10.0875
10.0534
9.99245
9.9042
9.78807
9.64324
9.46874
9.2635
9.02643
8.75647
8.45272
8.11448
7.74138
7.33343
6.89111
6.41544
5.90799
5.3709
1.354
2.1664
2.95759
3.72039
4.44862
5.13722
5.78235
6.38137
6.93275
7.43596
7.89133
8.29987
8.66313
8.98302
9.26168
9.50135
9.70425
9.87253
10.0082
10.1128
10.1881
10.235
10.2546
10.2471
10.213
10.1521
10.0639
9.94775
9.80283
9.62803
9.42218
9.18404
8.91242
8.60627
8.26474
7.88731
7.47387
7.02481
6.54111
6.02432
5.47665
1.41459
2.26334
3.08867
3.8827
4.6388
5.35165
6.01736
6.63339
7.19848
7.71244
8.17597
8.59051
8.95798
9.28067
9.56104
9.80161
10.0048
10.1731
10.3084
10.4127
10.4876
10.5341
10.5533
10.5456
10.5112
10.4499
10.3613
10.2445
10.0987
9.9225
9.7146
9.47357
9.19799
8.88656
8.53822
8.15221
7.72823
7.26654
6.768
6.23422
5.66747
1.50201
2.40322
3.27774
4.11674
4.91291
5.6606
6.35586
6.99638
7.58125
8.11081
8.58632
9.00979
9.3837
9.71084
9.99413
10.2365
10.4406
10.6092
10.7445
10.8486
10.9231
10.9693
10.988
10.9799
10.945
10.8832
10.7938
10.676
10.5286
10.3502
10.1391
9.89361
9.61208
9.29284
8.9345
8.53596
8.09666
7.61662
7.0966
6.53818
5.9438
1.61793
2.58869
3.52822
4.42637
5.27494
6.06788
6.80128
7.47316
8.08321
8.63248
9.12305
9.55768
9.93961
10.2723
10.5592
10.8037
11.0091
11.1781
11.3135
11.4173
11.4914
11.5371
11.5554
11.5468
11.5114
11.4489
11.3586
11.2395
11.0901
10.9088
10.6937
10.4427
10.1537
9.82456
9.45346
9.03888
8.57981
8.07599
7.52797
6.93733
6.30666
1.76475
2.8236
3.84502
4.8171
5.73056
6.57894
7.35847
8.06778
8.70745
9.27958
9.7873
10.2344
10.6251
10.9637
11.2543
11.501
11.7073
11.8766
12.0118
12.1151
12.1886
12.2338
12.2515
12.2424
12.2065
12.1433
12.0522
11.9317
11.7803
11.5961
11.3766
11.1194
10.8219
10.4814
10.0954
9.66176
9.17898
8.6463
8.06398
7.43353
6.75776
1.94585
3.11336
4.23502
5.29662
6.28759
7.20113
8.03393
8.78561
9.45808
10.0549
10.5806
11.0404
11.4396
11.7836
12.0773
12.3254
12.532
12.701
12.8354
12.9379
13.0105
13.0549
13.0719
13.0623
13.0259
12.9623
12.8706
12.7491
12.5961
12.4091
12.1855
11.9222
11.6159
11.2632
10.8609
10.406
9.89622
9.33009
8.70744
8.02962
7.29966
2.16593
3.46549
4.7077
5.8754
6.95653
7.94422
8.83612
9.63349
10.3402
10.9618
11.5048
11.9761
12.3824
12.7302
13.0254
13.2736
13.4794
13.6469
13.7798
13.8807
13.952
13.9952
14.0116
14.0015
13.9649
13.9012
13.8093
13.6875
13.5336
13.3448
13.1179
12.8492
12.5347
12.1701
11.7511
11.2737
10.7345
10.131
9.46237
8.72963
7.93603
2.43157
3.89051
5.27621
6.56767
7.75135
8.82086
9.77574
10.6199
11.36
12.0044
12.562
13.0418
13.4522
13.8011
14.0956
14.3417
14.5448
14.7095
14.8396
14.9381
15.0074
15.0492
15.0646
15.0542
15.0177
14.9545
14.8634
14.7422
14.5887
14.3995
14.1709
13.8986
13.5775
13.2024
12.7676
12.2677
11.6978
11.054
10.3344
9.53922
8.67201
2.75204
4.40326
5.9588
7.39279
8.69054
9.84732
10.8661
11.7548
12.5244
13.1867
13.7539
14.2374
14.6475
14.9936
15.2838
15.5249
15.723
15.8829
16.0088
16.1037
16.1703
16.2102
16.2246
16.214
16.1781
16.1162
16.0268
15.9078
15.7564
15.5689
15.3411
15.0679
14.7431
14.3604
13.9124
13.3919
12.7917
12.1061
11.3311
10.4662
9.51475
3.14064
5.02502
6.78117
8.37725
9.79848
11.0442
12.1232
13.0499
13.841
14.513
15.082
15.562
15.9657
16.3036
16.5851
16.8177
17.0078
17.1606
17.2804
17.3705
17.4334
17.4709
17.4842
17.4736
17.4388
17.3792
17.293
17.1779
17.0309
16.8481
16.6244
16.3541
16.0302
15.6445
15.1879
14.6508
14.0233
13.2963
12.4633
11.5215
10.4741
3.61693
5.78709
7.78017
9.55748
11.1072
12.437
13.566
14.518
15.3173
15.9868
16.5464
17.0136
17.4028
17.7261
17.9935
18.2132
18.3919
18.535
18.6467
18.7304
18.7887
18.8233
18.8352
18.8249
18.792
18.7357
18.6543
18.5454
18.4056
18.2308
18.0157
17.7535
17.4364
17.0545
16.5968
16.0503
15.4016
14.637
13.7453
12.7203
11.5639
4.21062
6.737
9.00971
10.984
12.6582
14.0568
15.2156
16.1718
16.96
17.6097
18.1458
18.5882
18.9533
19.2542
19.5015
19.7035
19.867
19.9973
20.0988
20.1746
20.2272
20.2583
20.2688
20.259
20.2288
20.1771
20.1023
20.0019
19.8726
19.71
19.5085
19.261
18.9584
18.5897
18.1412
17.5968
16.9378
16.1442
15.1973
14.0843
12.8039
4.96871
7.94994
10.5505
12.7268
14.5043
15.9393
17.0935
18.0225
18.7727
19.3808
19.8755
20.2793
20.6094
20.8794
21.0998
21.2789
21.4233
21.538
21.627
21.6933
21.7391
21.7661
21.775
21.7662
21.7394
21.6936
21.6273
21.5381
21.4227
21.2769
21.095
20.8695
20.5911
20.2474
19.8226
19.2968
18.6453
17.839
16.8474
15.6449
14.2226
5.96966
9.55146
12.5265
14.882
16.7095
18.1219
19.2184
20.0765
20.7543
21.2942
21.7274
22.0772
22.3606
22.5908
22.7776
22.9287
23.05
23.146
23.2203
23.2756
23.3137
23.336
23.3433
23.3357
23.3131
23.2745
23.2186
23.1432
23.0454
22.9211
22.765
22.5701
22.3267
22.0223
21.6396
21.1554
20.5385
19.7483
18.7355
17.4501
15.8637
7.35385
11.7662
15.1308
17.5762
19.3433
20.636
21.5993
22.3306
22.8953
23.3377
23.6881
23.9682
24.1934
24.3752
24.5219
24.6402
24.7348
24.8095
24.8672
24.91
24.9395
24.9567
24.9622
24.9562
24.9385
24.9084
24.8647
24.8056
24.7286
24.6305
24.5065
24.3505
24.1539
23.9047
23.586
23.1732
22.6301
21.9036
20.9179
19.5763
17.7966
9.39585
15.0334
18.661
20.9572
22.4616
23.4914
24.2254
24.7662
25.1752
25.4908
25.7382
25.9343
26.091
26.2169
26.3182
26.3995
26.4644
26.5156
26.555
26.5842
26.6043
26.616
26.6197
26.6156
26.6034
26.5827
26.5526
26.512
26.4589
26.3909
26.3046
26.1954
26.0567
25.8788
25.6477
25.3414
24.9242
24.3361
23.4726
22.1559
20.1417
12.6961
20.3137
23.527
25.1356
26.0611
26.6506
27.0538
27.3436
27.5593
27.7241
27.8523
27.9534
28.0339
28.0983
28.15
28.1915
28.2245
28.2505
28.2705
28.2853
28.2955
28.3014
28.3033
28.3012
28.295
28.2844
28.2691
28.2484
28.2212
28.1864
28.1422
28.0859
28.014
27.921
27.7989
27.6338
27.4019
27.0559
26.4915
25.4431
23.1301
30
30
30
30
30
30
30
30
30
30
30
30
30
30
30
30
30
30
30
30
30
30
30
30
30
30
30
30
30
30
30
30
30
30
30
30
30
30
30
30
30
