40
40
40
40
40
40
40
40
40
40
40
40
40
40
40
40
40
40
40
40
40
40
40
40
40
40
40
40
40
40
40
40
40
40
40
40
40
40
40
40
40
16.991
27.1855
31.5072
33.6887
34.9586
35.7796
36.3511
36.7702
37.0892
37.3388
37.5381
37.6995
37.8316
37.9404
38.0303
38.1044
38.1653
38.2146
38.2538
38.2838
38.3053
38.3189
38.3249
38.3233
38.314
38.2967
38.2708
38.2355
38.1896
38.1313
38.0584
37.9675
37.8538
37.7104
37.5261
37.283
36.949
36.4616
35.6815
34.2548
31.1407
12.6528
20.2445
25.1555
28.2901
30.3673
31.81
32.8562
33.6422
34.2499
34.7302
35.1164
35.4308
35.6891
35.9025
36.0792
36.2253
36.3452
36.4426
36.52
36.5793
36.622
36.649
36.6609
36.6578
36.6395
36.6055
36.5545
36.4851
36.3949
36.2806
36.138
35.9609
35.7405
35.4644
35.1137
34.6594
34.0542
33.218
32.0118
30.1988
27.4535
9.9909
15.9854
20.5818
23.9507
26.413
28.24
29.6246
30.6963
31.542
32.2202
32.7711
33.2232
33.5969
33.907
34.1646
34.3782
34.5541
34.6971
34.8109
34.8983
34.9613
35.0012
35.0188
35.0145
34.9879
34.9381
34.8636
34.7623
34.6308
34.4649
34.2586
34.0037
33.689
33.2988
32.8106
32.1921
31.3951
30.3491
28.9533
27.0792
24.6175
8.20393
13.1263
17.2379
20.5211
23.0975
25.1167
26.7106
27.982
29.0077
29.8439
30.5317
31.1016
31.5761
31.9722
32.3029
32.578
32.8052
32.9904
33.1381
33.2517
33.3338
33.3859
33.4092
33.404
33.3698
33.3058
33.21
33.0797
32.9113
32.6994
32.4373
32.1156
31.7219
31.2397
30.6462
29.9109
28.9925
27.8371
26.3794
24.5533
22.3212
6.92511
11.0802
14.7256
17.8024
20.344
22.4245
24.1255
25.5206
26.6708
27.6245
28.4196
29.0853
29.6442
30.114
30.5082
30.8377
31.1108
31.334
31.5125
31.6501
31.7497
31.8132
31.8419
31.8361
31.7955
31.7189
31.6044
31.4489
31.2484
30.9972
30.6882
30.3117
29.8554
29.3032
28.6346
27.8232
26.8366
25.6365
24.1826
22.4411
20.401
5.9666
9.54656
12.7859
15.6239
18.0576
20.1188
21.8542
23.3129
24.5401
25.5745
26.4484
27.188
27.8146
28.3449
28.7926
29.1686
29.4815
29.7381
29.9439
30.103
30.2184
30.2923
30.3261
30.3202
30.2742
30.187
30.0566
29.8798
29.6525
29.369
29.0222
28.6028
28.0994
27.4974
26.7792
25.9237
24.9063
23.7011
22.2837
20.6374
18.7613
5.22313
8.35701
11.252
13.8556
16.1508
18.1472
19.8692
21.3475
22.6138
23.6976
24.6251
25.4185
26.0965
26.6747
27.1658
27.5803
27.9267
28.2119
28.4412
28.619
28.7484
28.8317
28.8703
28.8646
28.8144
28.7186
28.5752
28.3811
28.1322
27.8232
27.4473
26.9961
26.4593
25.8246
25.0773
24.2011
23.1783
21.9915
20.6263
19.075
17.3409
4.63138
7.41021
10.015
12.4023
14.5512
16.4597
18.1386
19.6061
20.8833
21.9917
22.9516
23.781
24.496
25.1101
25.635
26.0803
26.4541
26.763
27.0122
27.206
27.3475
27.439
27.4819
27.4769
27.4236
27.3211
27.1674
26.9598
26.6943
26.3661
25.9691
25.4958
24.9373
24.2835
23.5227
22.6427
21.6308
20.4757
19.1693
17.7087
16.0988
4.15113
6.64181
9.00166
11.195
13.201
15.0124
16.6317
18.0687
19.3367
20.4508
21.4261
22.2769
23.0162
23.6558
24.2057
24.6747
25.0701
25.398
25.6634
25.8705
26.0222
26.1208
26.1677
26.1636
26.1083
26.0009
25.8396
25.6219
25.3444
25.0026
24.5912
24.1039
23.5333
22.871
22.1082
21.2358
20.245
19.1287
17.8826
16.5066
15.006
3.75568
6.00909
8.16144
10.1834
12.0558
13.7689
15.3207
16.7154
17.9607
19.0668
20.0446
20.9049
21.6583
22.3143
22.8816
23.3678
23.7795
24.1221
24.4005
24.6182
24.7783
24.8829
24.9334
24.9305
24.874
24.7633
24.5967
24.3721
24.0864
23.7358
23.3159
22.8211
22.2457
21.583
20.8263
19.969
19.0053
17.9309
16.7438
15.4454
14.0413
3.4267
5.48272
7.45878
9.33066
11.081
12.6994
14.1815
15.5277
16.7421
17.8309
18.8017
19.6625
20.4217
21.0867
21.665
22.1629
22.5862
22.9398
23.2279
23.454
23.6209
23.7304
23.784
23.7824
23.7256
23.6128
23.443
23.2141
22.9235
22.5681
22.1441
21.6471
21.0724
20.415
19.6698
18.8323
17.8987
16.8666
15.7356
14.508
13.1891
3.15124
5.04199
6.86807
8.60923
10.2501
11.7802
13.194
14.4896
15.6685
16.7341
17.6914
18.5463
19.3048
19.9731
20.557
21.062
21.4929
21.8542
22.1494
22.3818
22.5538
22.6674
22.7237
22.7234
22.6668
22.5532
22.3817
22.1507
21.8579
21.5008
21.0763
20.5809
20.011
19.3627
18.6325
17.8172
16.9146
15.9236
14.8449
13.6812
12.4374
2.91996
4.67194
6.37054
7.99859
9.54241
10.9921
12.3414
13.5871
14.7288
15.768
16.7078
17.5522
18.3055
18.9726
19.558
20.0664
20.5017
20.8678
21.1679
21.4047
21.5805
21.6971
21.7557
21.7569
21.7009
21.5874
21.4155
21.184
20.8912
20.5348
20.1124
19.6213
19.0588
18.4221
17.7086
16.9165
16.0443
15.0922
14.0614
12.9548
11.7771
2.72601
4.36162
5.95227
7.48319
8.94219
10.3199
11.6099
12.8083
13.9132
14.9251
15.8452
16.6762
17.4213
18.084
18.6679
19.1767
19.6138
19.9824
20.2854
20.5251
20.7036
20.8225
20.8829
20.8855
20.8304
20.7176
20.5464
20.3157
20.0242
19.6702
19.2518
18.7669
18.2135
17.5896
16.8935
16.1241
15.281
14.3648
13.3771
12.321
11.2009
2.5643
4.10287
5.60282
7.05121
8.43709
9.75172
10.9886
12.1434
13.2136
14.1985
15.0983
15.9147
16.6496
17.3058
17.8859
18.393
18.8299
19.1993
19.5035
19.7449
19.925
20.0455
20.1073
20.1112
20.0573
19.9457
19.7757
19.5468
19.2578
18.9073
18.494
18.0163
17.4727
16.8619
16.1829
15.4351
14.6189
13.735
12.7856
11.7736
10.7033
2.43101
3.88962
5.31433
6.69364
8.0176
9.27801
10.4685
11.5845
12.6229
13.5824
14.4625
15.2639
15.9879
16.6363
17.2113
17.7152
18.1504
18.5191
18.8234
19.0653
19.2463
19.3677
19.4306
19.4356
19.383
19.2727
19.1046
18.8779
18.592
18.2457
17.8381
17.3679
16.8343
16.2362
15.5733
14.8455
14.0533
13.1981
12.2819
11.3078
10.2798
2.32333
3.71732
5.08092
6.40369
7.67645
8.89147
10.0425
11.125
12.1355
13.072
13.9338
14.7208
15.4337
16.0739
16.643
17.1427
17.5752
17.9422
18.2457
18.4872
18.6684
18.7903
18.8539
18.8598
18.8083
18.6996
18.5334
18.3094
18.0269
17.6851
17.2833
16.8206
16.2965
15.7103
15.062
14.3519
13.5808
12.7501
11.8621
10.9199
9.92715
2.23915
3.58263
4.89822
6.17625
7.40813
8.5865
9.70531
10.7598
11.7466
12.6633
13.5088
14.2826
14.9851
15.6171
16.1799
16.675
17.104
17.4686
17.7705
18.0112
18.1919
18.3137
18.3777
18.3843
18.334
18.2268
18.0627
17.8413
17.5623
17.2249
16.8287
16.3731
15.8577
15.2821
14.6466
13.9516
13.1982
12.388
11.5232
10.6068
9.64257
2.17697
3.48316
4.76309
6.00765
7.20864
8.35896
9.45271
10.4852
11.4528
12.3532
13.1849
13.9471
14.6401
15.2644
15.821
16.3112
16.7364
17.0982
17.3979
17.6371
17.8169
17.9384
18.0024
18.0095
17.9601
17.8544
17.6923
17.4735
17.1978
16.8646
16.4736
16.0243
15.5165
14.95
14.3251
13.6426
12.9034
12.1094
11.2628
10.3665
9.42406
2.13582
3.41731
4.67345
5.89542
7.07525
8.20602
9.28193
10.2983
11.2516
12.1393
12.9599
13.7126
14.3973
15.0146
15.5653
16.0506
16.4718
16.8304
17.1276
17.3649
17.5434
17.6641
17.7279
17.7352
17.6866
17.5822
17.4219
17.2056
16.9329
16.6036
16.2171
15.7732
15.2717
14.7126
14.0962
13.4232
12.6948
11.9127
11.0792
10.1972
9.27018
2.11512
3.38419
4.62811
5.83814
7.00639
8.12601
9.19124
10.1975
11.1413
12.0201
12.8324
13.5776
14.2555
14.8667
15.4119
15.8925
16.3096
16.6646
16.959
17.1941
17.3709
17.4905
17.5537
17.5611
17.5131
17.4097
17.2511
17.037
16.7671
16.4411
16.0585
15.619
15.1225
14.5689
13.9586
13.2923
12.5711
11.7967
10.9714
10.098
9.17997
2.11473
3.38356
4.62676
5.83542
7.00158
8.11835
9.18002
10.1821
11.1211
11.9948
12.8018
13.5414
14.2139
14.8198
15.36
15.8359
16.2488
16.6001
16.8914
17.1238
17.2986
17.4168
17.4792
17.4864
17.4387
17.3363
17.1791
16.967
16.6995
16.3763
15.9969
15.561
15.0681
14.5183
13.9119
13.2493
12.5318
11.7608
10.9387
10.0683
9.15298
2.13491
3.41586
4.66993
5.88785
7.0614
8.18359
9.24869
10.2523
11.1912
12.0633
12.8676
13.6037
14.2719
14.8733
15.4088
15.8801
16.2886
16.6359
16.9236
17.1531
17.3255
17.442
17.5033
17.51
17.4625
17.3609
17.205
16.9947
16.7294
16.4086
16.0318
15.5984
15.108
14.5604
13.9556
13.294
12.5766
11.805
10.9812
10.1081
9.18921
2.17638
3.4822
4.75906
5.99707
7.18759
8.3234
9.3988
10.4095
11.3527
12.2265
13.0304
13.7644
14.4294
15.0267
15.5577
16.0242
16.428
16.7709
17.0546
17.2806
17.4502
17.5646
17.6245
17.6306
17.5832
17.4822
17.3276
17.119
16.8557
16.5371
16.1625
15.731
15.2419
14.6949
14.0897
13.4266
12.7061
11.9297
11.0995
10.2181
9.28916
2.24032
3.58451
4.89664
6.16593
7.38312
8.54074
9.63306
10.6561
11.6074
12.4857
13.2911
14.0242
14.6865
15.2797
15.8059
16.2672
16.6658
17.0037
17.2828
17.5048
17.6712
17.783
17.8413
17.8466
17.7991
17.6988
17.5455
17.3386
17.0774
16.7609
16.3882
15.9582
15.4698
14.9222
14.3149
13.6478
12.9211
12.1361
11.2946
10.3993
9.45388
2.32853
3.72565
5.08638
6.39866
7.65246
8.83995
9.95551
10.9956
11.9582
12.8432
13.6513
14.384
15.0435
15.6322
16.1529
16.6082
17.0007
17.3327
17.6064
17.8237
17.9863
18.0952
18.1516
18.1558
18.1083
18.0088
17.857
17.6521
17.3932
17.0791
16.7084
16.2797
15.7916
15.2427
14.632
13.9589
13.2233
12.4259
11.5684
10.6536
9.68505
2.44359
3.90974
5.33353
6.70123
8.0018
9.22709
10.3717
11.4327
12.4093
13.3021
14.1131
14.845
15.5008
16.084
16.598
17.046
17.4311
17.7561
18.0234
18.2352
18.3932
18.4988
18.5529
18.556
18.5085
18.41
18.26
18.0577
17.8017
17.4905
17.1224
16.6955
16.2078
15.6574
15.0425
14.3619
13.6149
12.8018
11.9238
10.9836
9.98513
2.58903
4.14244
5.64534
7.08178
8.43954
9.71019
10.8889
11.9738
12.9655
13.8661
14.6792
15.4088
16.0592
16.635
17.1403
17.5791
17.9551
18.2716
18.5312
18.7365
18.8892
18.9908
19.0423
19.0443
18.9969
18.8998
18.7523
18.5533
18.3011
17.9939
17.6295
17.2054
16.7189
16.1673
15.5481
14.8592
14.0991
13.2673
12.3645
11.3933
10.3575
2.76975
4.4316
6.03172
7.55132
8.97679
10.2997
11.5164
12.6266
13.633
14.5398
15.3526
16.0771
16.7193
17.2846
17.7786
18.2058
18.5706
18.8766
19.127
19.3244
19.4709
19.5679
19.6165
19.6174
19.5704
19.4753
19.3311
19.1365
18.8895
18.5878
18.2287
17.8091
17.3254
16.774
16.1515
15.4544
14.6802
13.8272
12.8957
11.8874
10.8067
2.99254
4.78806
6.50626
8.12465
9.62823
11.0092
12.2658
13.4005
14.419
15.3284
16.1367
16.8518
17.4813
18.0324
18.5113
18.9238
19.2746
19.568
19.8073
19.9954
20.1345
20.2263
20.2718
20.2715
20.2254
20.133
19.9932
19.8044
19.5644
19.2704
18.919
18.5064
18.0281
17.4795
16.8556
16.1517
15.3634
14.4879
13.524
12.4729
11.339
3.26688
5.22701
7.08771
8.82176
10.4131
11.8557
13.1514
14.3069
15.3319
16.2375
17.0347
17.7341
18.3453
18.8769
19.3365
19.7303
20.0639
20.3419
20.568
20.7452
20.8758
20.9616
21.0036
21.0022
20.9575
20.8688
20.7349
20.5537
20.323
20.0393
19.6988
19.2968
18.8278
18.2858
17.6643
16.9564
16.1559
15.2576
14.2585
13.1586
11.9624
3.60634
5.77014
7.80233
9.66982
11.3566
12.8609
14.1904
15.3584
16.3805
17.2726
18.0496
18.7249
19.3105
19.8163
20.2509
20.6216
20.9343
21.194
21.4044
21.5689
21.6898
21.7688
21.8069
21.8047
21.7621
21.6781
21.5516
21.3803
21.1616
20.8917
20.5661
20.1794
19.7249
19.1952
18.5816
17.8751
17.0663
16.147
15.1112
13.9569
12.6881
4.03074
6.44918
8.68754
10.706
12.4917
14.0513
15.4028
16.5692
17.5739
18.4388
19.1833
19.8241
20.3749
20.8473
21.2508
21.5933
21.8809
22.1188
22.3111
22.461
22.5708
22.6422
22.6762
22.6734
22.6335
22.5556
22.4383
22.2794
22.0759
21.8238
21.5181
21.1525
20.7193
20.2095
19.6123
18.9153
18.1055
17.1699
16.0981
14.8843
13.5312
4.57007
7.31211
9.79788
11.9816
13.8608
15.459
16.8111
17.9535
18.9201
19.7396
20.4363
21.0294
21.535
21.9654
22.3309
22.6395
22.8976
23.1104
23.2818
23.4151
23.5124
23.5755
23.6052
23.602
23.5656
23.4951
23.3892
23.2454
23.0607
22.8309
22.5508
22.2133
21.8101
21.3302
20.7606
20.0854
19.2865
18.3444
17.241
15.9639
14.5127
5.27165
8.43464
11.2148
13.5676
15.5179
17.1211
18.4381
19.5241
20.4246
21.1758
21.8059
22.3367
22.7852
23.1643
23.4843
23.7533
23.9774
24.1615
24.3095
24.4242
24.5078
24.5617
24.5868
24.5835
24.5515
24.4899
24.3973
24.2716
24.1095
23.9071
23.6588
23.3577
22.9944
22.557
22.0301
21.3941
20.6247
19.6933
18.5698
17.229
15.6627
6.21425
9.94281
13.0628
15.5608
17.5279
19.0761
20.3041
21.2889
22.088
22.7435
23.286
23.7384
24.1173
24.4356
24.7029
24.9265
25.1122
25.2643
25.3862
25.4805
25.5491
25.5931
25.6135
25.6104
25.5836
25.5323
25.4552
25.3503
25.2147
25.0447
24.8351
24.579
24.2671
23.887
23.4219
22.8487
22.1366
21.2454
20.1261
18.7291
17.0264
7.53861
12.0618
15.5359
18.089
19.9615
21.3568
22.4194
23.2464
23.9028
24.4325
24.8654
25.223
25.5204
25.7687
25.9763
26.1493
26.2926
26.4096
26.5033
26.5756
26.628
26.6617
26.6771
26.6745
26.6536
26.6138
26.5541
26.4727
26.3673
26.2346
26.0702
25.868
25.6196
25.3133
24.9323
24.4523
23.8373
23.0345
21.9683
20.5425
18.675
9.51965
15.2314
18.9324
21.3008
22.8758
23.9744
24.775
25.3799
25.8503
26.2244
26.5271
26.7751
26.9802
27.1507
27.2927
27.4108
27.5083
27.5878
27.6513
27.7003
27.7358
27.7585
27.7688
27.7669
27.7526
27.7255
27.6847
27.6291
27.5569
27.4658
27.3524
27.2123
27.0388
26.8227
26.5499
26.1985
25.7331
25.0939
24.1764
22.8033
20.7302
12.7582
20.413
23.6632
25.308
26.2688
26.8928
27.3294
27.6513
27.8979
28.0921
28.248
28.3751
28.4799
28.5667
28.6388
28.6986
28.748
28.7883
28.8204
28.8451
28.863
28.8744
28.8796
28.8786
28.8714
28.8576
28.8369
28.8087
28.772
28.7256
28.6677
28.5959
28.5065
28.3944
28.2513
28.0637
27.8076
27.4359
26.8445
25.7678
23.4252
30
30
30
30
30
30
30
30
30
30
30
30
30
30
30
30
30
30
30
30
30
30
30
30
30
30
30
30
30
30
30
30
30
30
30
30
30
30
30
30
30
