40
40
40
40
40
40
40
40
40
40
40
40
40
40
40
40
40
40
40
40
40
40
40
40
40
40
40
40
40
40
40
40
40
40
40
40
40
40
40
40
40
17.0251
27.2402
31.5822
33.7837
35.0732
35.9133
36.5035
36.9406
37.277
37.5433
37.7583
37.9346
38.0807
38.2026
38.3045
38.3896
38.4602
38.5182
38.5648
38.601
38.6276
38.645
38.6535
38.6531
38.6437
38.6251
38.5966
38.5575
38.5064
38.4419
38.3614
38.2619
38.1384
37.984
37.7878
37.5318
37.184
36.6817
35.8861
34.4429
31.3118
12.721
20.3536
25.305
28.4794
30.5958
32.0768
33.16
33.9821
34.6244
35.1378
35.5555
35.8996
36.1859
36.4253
36.6259
36.7937
36.9332
37.0479
37.1401
37.2119
37.2646
37.2991
37.316
37.3153
37.2969
37.2602
37.2041
37.1269
37.0266
36.8998
36.7422
36.5478
36.3079
36.0101
35.6356
35.1555
34.5226
33.657
32.4197
30.574
27.7946
10.0926
16.1482
20.8049
24.2333
26.7539
28.638
30.078
31.2034
32.1007
32.8283
33.4263
33.9228
34.3381
34.687
34.9804
35.2265
35.4315
35.6002
35.7362
35.8422
35.9201
35.9712
35.9963
35.9956
35.9688
35.915
35.8329
35.72
35.5734
35.3887
35.1601
34.8794
34.5356
34.113
33.5894
32.9323
32.0941
31.0042
29.5619
27.6391
25.1264
8.33855
13.3417
17.5332
20.8952
23.5488
25.6435
27.3107
28.6531
29.7472
30.6488
31.3989
32.0276
32.5572
33.0047
33.3826
33.7007
33.9665
34.1858
34.3628
34.5011
34.6029
34.6698
34.7029
34.7025
34.6681
34.5988
34.4928
34.3474
34.1589
33.9222
33.6305
33.2746
32.8425
32.3174
31.6769
30.8907
29.9176
28.7041
27.185
25.2943
22.9948
7.09179
11.3469
15.0913
18.2656
20.9028
23.0768
24.8686
26.3516
27.5864
28.6211
29.4933
30.2318
30.8591
31.3923
31.8451
32.2278
32.5487
32.8141
33.029
33.197
33.3211
33.403
33.4438
33.444
33.4031
33.32
33.1928
33.0185
32.7932
32.5112
32.1656
31.7469
31.2428
30.6376
29.9108
29.0364
27.9822
26.71
25.18
23.3587
21.2351
6.16431
9.86289
13.2196
16.1732
18.7204
20.8925
22.7357
24.2986
25.6261
26.7566
27.7219
28.548
29.2555
29.8612
30.3783
30.8175
31.1871
31.4937
31.7426
31.9378
32.0823
32.178
32.2262
32.2273
32.181
32.0861
31.9407
31.7416
31.4848
31.1648
30.7746
30.3051
29.7451
29.0802
28.293
27.3627
26.2651
24.9745
23.4668
21.7257
19.7506
5.45062
8.721
11.7511
14.4877
16.9135
19.0374
20.8834
22.4817
23.8635
25.0579
26.0905
26.9833
27.7545
28.4194
28.9904
29.4776
29.8892
30.232
30.511
30.7304
30.8931
31.0015
31.0566
31.0591
31.0085
30.9039
30.7431
30.5233
30.2405
29.8896
29.4638
28.9549
28.353
27.6458
26.8192
25.8569
24.7418
23.4567
21.9876
20.3273
18.4793
4.88724
7.81959
10.5763
13.1132
15.4089
17.4609
19.2793
20.8817
22.2888
23.5216
24.5997
25.541
26.3608
27.0724
27.6871
28.2142
28.6614
29.0349
29.34
29.5806
29.7596
29.8793
29.9409
29.945
29.8913
29.7788
29.6057
29.3692
29.0656
28.6902
28.237
27.6988
27.0671
26.3318
25.4818
24.505
23.3892
22.1236
20.7003
19.1171
17.3792
4.43376
7.09402
9.62165
11.9803
14.1486
16.1183
17.8917
19.4778
20.8893
22.1407
23.2467
24.2209
25.0761
25.8234
26.4725
27.0318
27.5082
27.9076
28.2348
28.4935
28.6867
28.8164
28.8839
28.8899
28.8341
28.7157
28.5329
28.2834
27.9637
27.5698
27.0964
26.5374
25.8858
25.1336
24.2723
23.2929
22.1875
20.9491
19.5739
18.0623
16.4203
4.06332
6.50131
8.83628
11.0382
13.0872
14.9727
16.6922
18.2491
19.6507
20.9063
22.0262
23.021
23.9004
24.6737
25.349
25.9335
26.4333
26.8538
27.1993
27.4733
27.6786
27.817
27.89
27.898
27.841
27.7183
27.5283
27.269
26.9375
26.5302
26.0427
25.47
24.8064
24.0458
23.1818
22.2082
21.1196
19.9122
18.5846
17.1388
15.5808
3.75742
6.01188
8.18427
10.2496
12.1898
13.9936
15.6559
17.1766
18.5588
19.8083
20.932
21.9374
22.8321
23.6232
24.3175
24.9211
25.4392
25.8765
26.2368
26.5234
26.7388
26.8847
26.9624
26.9726
26.9152
26.7896
26.5946
26.3284
25.9886
25.5722
25.0755
24.4947
23.8253
23.0626
22.2021
21.2395
20.1717
18.9966
17.7146
16.3285
14.8441
3.50299
5.60479
7.63968
9.58659
11.4293
13.1566
14.7621
16.2433
17.6007
18.8373
19.9572
20.9658
21.8684
22.6708
23.3782
23.9955
24.5274
24.9776
25.3497
25.6464
25.87
26.0222
26.1041
26.1165
26.0593
25.932
25.7338
25.463
25.1179
24.6959
24.1942
23.6096
22.9389
22.1787
21.3257
20.3775
19.3321
18.1891
16.9497
15.6174
14.1976
3.29055
5.26488
7.18348
9.0283
10.7848
12.4422
13.9935
15.4347
16.7645
17.9838
19.095
20.1012
21.0065
21.8148
22.5303
23.157
23.6987
24.1585
24.5395
24.8441
25.0743
25.2316
25.3172
25.3317
25.2751
25.1471
24.9471
24.6738
24.3257
23.9009
23.3972
22.8122
22.1436
21.3889
20.5461
19.6138
18.5913
17.479
16.279
14.9947
13.6315
3.11314
4.98102
6.80148
8.55884
10.24
11.8348
13.3358
14.7383
16.0398
17.2398
18.3389
19.3391
20.2428
21.053
21.7728
22.4053
22.9534
23.42
23.8074
24.1179
24.3532
24.5147
24.6033
24.6197
24.5641
24.4362
24.2356
23.9612
23.6121
23.1866
22.6832
22.1002
21.4359
20.6887
19.8576
18.9418
17.9416
16.8581
15.6936
14.4519
13.1381
2.96555
4.74488
6.48303
8.16613
9.78229
11.3219
12.7775
14.1439
15.4178
16.5977
17.683
18.6747
19.5741
20.3832
21.1042
21.7395
22.2914
22.7623
23.1542
23.4689
23.7079
23.8725
23.9636
23.9818
23.9273
23.8
23.5996
23.3254
22.9766
22.552
22.0507
21.4712
20.8127
20.0742
19.2552
18.3557
17.3766
16.3194
15.1867
13.9823
12.7112
2.84391
4.55026
6.22009
7.84092
9.40184
10.8937
12.3093
13.643
14.8911
16.0512
17.1222
18.104
18.9972
19.803
20.5229
21.1587
21.7123
22.1855
22.58
22.8974
23.1389
23.3058
23.3988
23.4185
23.3652
23.2389
23.0394
22.7662
22.4187
21.9962
21.498
20.9232
20.2712
19.5418
18.7348
17.8509
16.8911
15.8574
14.7527
13.5807
12.346
2.74531
4.3925
6.00661
7.57621
9.09115
10.5427
11.9238
13.2288
14.4535
15.5952
16.6521
17.6234
18.5093
19.3103
20.0275
20.662
21.2155
21.6893
22.0849
22.4037
22.6467
22.815
22.9094
22.9303
22.8782
22.7531
22.5548
22.2832
21.9378
21.5181
21.0237
20.4541
19.8091
19.0886
18.2931
17.4234
16.481
15.468
14.3873
13.2427
12.0388
2.66761
4.26817
5.83811
7.36676
8.84454
10.2631
11.6155
12.896
14.1003
15.2252
16.2688
17.2298
18.1079
18.9032
19.6163
20.2483
20.8002
21.2733
21.6687
21.9877
22.2312
22.4002
22.4954
22.5174
22.4663
22.3425
22.1458
21.8761
21.5332
21.1168
20.6266
20.0624
19.4242
18.7123
17.9273
17.0703
16.1429
15.1476
14.0871
12.9653
11.7867
2.60926
4.17482
5.71138
7.2088
8.65788
10.0505
11.3799
12.6404
13.8275
14.938
15.9695
16.9206
17.7908
18.5798
19.2881
19.9164
20.4656
20.9368
21.331
21.6492
21.8924
22.0614
22.1569
22.1795
22.1294
22.0068
21.8119
21.5444
21.2042
20.7913
20.3054
19.7465
19.1148
18.4108
17.6351
16.7891
15.8745
14.8937
13.8496
12.7461
11.5873
2.56927
4.11082
5.62428
7.09979
8.52838
9.90215
11.2143
12.4593
13.6327
14.731
15.752
16.6941
17.5564
18.3389
19.0418
19.6656
20.2111
20.6793
21.0712
21.3877
21.6298
21.7982
21.8936
21.9164
21.8671
21.7458
21.5526
21.2874
20.9502
20.5408
20.0592
19.5054
18.8798
18.1827
17.415
16.5782
15.6738
14.7044
13.673
12.5832
11.4393
2.54705
4.07529
5.57563
7.03832
8.45446
9.81622
11.1169
12.351
13.514
14.6028
15.6148
16.5487
17.4036
18.1794
18.8763
19.4948
20.0358
20.5001
20.8888
21.2028
21.443
21.6102
21.7049
21.7277
21.679
21.5588
21.3674
21.1045
20.7703
20.3645
19.8871
19.3382
18.718
18.0269
17.2659
16.4363
15.5398
14.5787
13.5561
12.4756
11.3415
2.5425
4.06799
5.56513
7.02401
8.43566
9.79224
11.0871
12.3147
13.4709
14.5525
15.5573
16.4838
17.3316
18.1005
18.7909
19.4034
19.939
20.3986
20.7832
21.0939
21.3314
21.4967
21.5903
21.6128
21.5644
21.4453
21.2556
20.9953
20.6641
20.2619
19.7887
19.2442
18.6289
17.943
17.1873
16.363
15.4718
14.516
13.4985
12.423
11.2936
2.55588
4.08941
5.59338
7.05754
8.47268
9.83086
11.1254
12.3511
13.5037
14.5804
15.5793
16.4993
17.3401
18.1018
18.7851
19.3909
19.9202
20.374
20.7536
21.06
21.2942
21.457
21.549
21.5708
21.5226
21.4046
21.2167
20.9589
20.6309
20.2325
19.7633
19.2232
18.6122
17.9306
17.1789
16.3581
15.4699
14.5164
13.5003
12.4254
11.2958
2.58796
4.14073
5.66192
7.14067
8.5674
9.93395
11.2337
12.4615
13.6136
14.6874
15.6816
16.5955
17.4292
18.1833
18.8587
19.4567
19.9786
20.4256
20.7992
21.1004
21.3305
21.4901
21.5801
21.6009
21.5527
21.4358
21.2499
20.9948
20.6703
20.2757
19.8107
19.2749
18.668
17.99
17.2412
16.4224
15.5349
14.5806
13.5624
12.4837
11.3488
2.63998
4.22398
5.77337
7.27643
8.723
10.1047
11.4148
12.6487
13.8028
14.8754
15.8656
16.7733
17.5994
18.345
19.0114
19.6004
20.1136
20.5526
20.919
21.2141
21.4391
21.5949
21.6824
21.7019
21.6538
21.5379
21.3543
21.1023
20.7816
20.3913
19.9309
19.3995
18.7967
18.1219
17.3752
16.5569
15.668
14.7103
13.6862
12.5993
11.4539
2.71384
4.34215
5.9316
7.46926
8.94419
10.3477
11.6733
12.9165
14.0748
15.1471
16.1333
17.0343
17.8517
18.5873
19.2432
19.8216
20.3246
20.7541
21.112
21.3998
21.6188
21.7702
21.8546
21.8727
21.8245
21.71
21.5289
21.2806
20.9643
20.579
20.1238
19.5975
18.999
18.3274
17.5823
16.7635
15.8715
14.9076
13.8742
12.7746
11.6132
2.81217
4.49948
6.14208
7.72538
9.23749
10.6694
12.0149
13.2703
14.434
15.506
16.4874
17.3803
18.1872
18.9109
19.5542
20.12
20.6108
21.029
21.3768
21.656
21.8681
22.0142
22.0952
22.1116
22.0634
21.9506
21.7726
21.5287
21.2178
20.8386
20.3896
19.8693
19.276
18.6082
17.8647
17.0448
16.1482
15.1758
14.1295
13.0126
11.8297
2.93864
4.70183
6.41226
8.05321
9.61161
11.0783
12.4475
13.7168
14.886
15.9565
16.9313
17.8136
18.6073
19.3163
19.9443
20.4949
20.9712
21.3761
21.7121
21.9812
22.1852
22.3253
22.4023
22.4168
22.3689
22.2582
22.0841
21.8456
21.5414
21.1696
20.7285
20.2158
19.6291
18.9662
18.2251
17.404
16.502
15.5191
14.4567
13.3178
12.1071
3.09826
4.95721
6.75234
8.46409
10.0781
11.5852
12.9809
14.2644
15.4375
16.504
17.4687
18.3368
19.1135
19.8041
20.4133
20.9455
21.4045
21.7937
22.1158
22.3733
22.5679
22.7011
22.7737
22.7862
22.7388
22.6309
22.4617
22.23
21.9341
21.5718
21.1406
20.6377
20.0599
19.404
18.6668
17.8455
16.938
15.9431
14.8615
13.6957
12.4507
3.29793
5.27668
7.17618
8.97319
10.652
12.2042
13.6272
14.9231
16.0966
17.1544
18.1039
18.9524
19.7071
20.3746
20.9607
21.4707
21.9092
22.2798
22.5858
22.8297
23.0137
23.139
23.2068
23.2174
23.1708
23.0665
22.9036
22.6803
22.3948
22.0444
21.626
21.136
20.5703
19.9245
19.194
18.3746
17.4624
16.4549
15.3515
14.1539
12.8672
3.54729
5.67567
7.70284
9.6009
11.3532
12.953
14.4015
15.7049
16.8723
17.9141
18.841
19.6629
20.389
21.0276
21.5855
22.0689
22.483
22.8319
23.1192
23.3477
23.5195
23.6361
23.6985
23.7072
23.6621
23.5624
23.4071
23.1944
22.9219
22.5864
22.1844
21.7113
21.162
20.5308
19.8114
18.9975
18.0832
17.0637
15.9365
14.7022
13.3657
3.86006
6.1761
8.35892
10.3748
12.2072
13.8537
15.3215
16.6234
17.7743
18.7897
19.684
20.4702
21.1597
21.7622
22.2859
22.7377
23.1232
23.447
23.7129
23.9238
24.0819
24.1887
24.2454
24.2523
24.2092
24.1154
23.9696
23.7697
23.5131
23.1964
22.8152
22.3641
21.837
21.2265
20.5244
19.7219
18.8102
17.7812
16.6295
15.3536
13.9578
4.25623
6.80997
9.1822
11.3326
13.2477
14.9337
16.4081
17.6934
18.8126
19.7871
20.6359
21.3751
22.0183
22.5767
23.0594
23.4739
23.8262
24.1212
24.3627
24.5538
24.6967
24.7929
24.8434
24.8486
24.8083
24.7217
24.5873
24.403
24.1658
23.8721
23.5169
23.0941
22.5964
22.0148
21.3389
20.5566
19.6553
18.6223
17.4475
16.1256
14.6596
4.76596
7.62554
10.2276
12.5259
14.5175
16.2256
17.6844
18.9302
19.9962
20.9109
21.6981
22.3769
22.9627
23.4678
23.902
24.2732
24.5875
24.8499
25.0641
25.2332
25.3592
25.4438
25.4878
25.4916
25.4549
25.3768
25.256
25.0901
24.8763
24.6103
24.2872
23.9001
23.4407
22.8985
22.2605
21.5113
20.6328
19.6061
18.4132
17.0423
15.493
5.43674
8.69879
11.5769
14.0263
16.0714
17.7671
19.1742
20.3472
21.3315
22.163
22.8694
23.4723
23.9884
24.4305
24.8085
25.1302
25.4016
25.6276
25.8116
25.9565
26.0642
26.1363
26.1735
26.1761
26.1438
26.0758
25.9707
25.8263
25.6397
25.4068
25.1223
24.7793
24.3687
23.8787
23.2942
22.5958
21.7594
20.7566
19.5577
18.1378
16.4889
6.34755
10.1561
13.3552
15.9312
17.9748
19.5977
20.8983
21.9535
22.8203
23.5405
24.1447
24.6552
25.0888
25.4579
25.772
26.0382
26.2621
26.4479
26.599
26.7177
26.8058
26.8645
26.8946
26.8962
26.8692
26.8127
26.7255
26.6055
26.4502
26.2555
26.0167
25.7268
25.3767
24.9542
24.4425
23.819
23.0528
22.1039
20.9237
19.4629
17.6935
7.6393
12.2229
15.7568
18.3688
20.299
21.7508
22.8683
23.7484
24.4559
25.0345
25.514
25.9156
26.2542
26.5409
26.7838
26.989
27.1612
27.3037
27.4194
27.5101
27.5773
27.622
27.6448
27.6457
27.6247
27.581
27.5136
27.4209
27.3005
27.1492
26.9627
26.735
26.4578
26.1194
25.7033
25.1852
24.5294
23.6831
22.5708
21.0967
19.1788
9.58712
15.3394
19.0804
21.4883
23.102
24.2384
25.0757
25.7162
26.2209
26.6278
26.9617
27.2392
27.472
27.6682
27.8338
27.9734
28.0903
28.1869
28.2652
28.3265
28.3719
28.402
28.4172
28.4178
28.4033
28.3736
28.3277
28.2644
28.1822
28.0786
27.9505
27.7932
27.6004
27.3628
27.0665
26.6896
26.1968
25.5284
24.5802
23.1746
21.0679
12.792
20.4672
23.7374
25.402
26.3823
27.0252
27.4802
27.82
28.0838
28.2944
28.466
28.6079
28.7265
28.8262
28.9102
28.9808
29.0399
29.0887
29.1282
29.1591
29.182
29.1972
29.2048
29.205
29.1977
29.1826
29.1594
29.1273
29.0856
29.0329
28.9676
28.8872
28.7882
28.6653
28.5104
28.31
28.0401
27.6539
27.047
25.954
23.5946
30
30
30
30
30
30
30
30
30
30
30
30
30
30
30
30
30
30
30
30
30
30
30
30
30
30
30
30
30
30
30
30
30
30
30
30
30
30
30
30
30
