0.565306
0.531255
0.556294
0.390261
0.827909
0.952081
0.772509
0.849704
0.112261
0.112261
-0.437022
-0.32064
-0.317182
-0.151777
0.152693
0.0416052
-0.0475884
-0.104566
-0.00736638
-0.00988267
-0.516537
-0.27661
0.569038
0.549822
0.000157039
0.00111848
0.145636
0.408849
0.117859
0.204826
0.0233141
-0.00343968
-0.479257
-0.0242622
0.398162
0.509966
0.265854
0.238134
0.792995
0.157968
-0.545399
-0.446678
0.0682617
0.0682617
0.0547399
0.0500877
0.020093
0.163651
-0.0396146
-0.375655
-0.375655
0.0284945
0.0201507
0.23644
0.737895
0.687252
0.183317
-0.309509
0.265265
-0.538636
-0.925966
-0.904298
-0.393725
-0.120537
0.272165
0.111124
-0.037661
-0.0749409
0.131488
-0.412085
-0.910033
-0.955704
-0.714562
-0.721736
-0.110945
0.489599
0.213456
0.0452485
0.12607
-0.109739
0.0730255
-0.00194604
-0.335155
0.294257
0.127696
-0.0947244
-0.130578
-0.0276971
-0.00118953
-0.449612
-0.0960665
-0.185568
0.0511826
0.529038
0.409092
0.542941
0.146919
0.161366
0.341753
-0.0407202
0.408242
0.481067
0.0823929
0.541533
0.366361
0.236397
-0.277562
-0.190773
-0.0765989
-0.514079
-0.476688
-0.495876
-0.438232
0.146095
-0.186908
-0.423501
-0.230638
-0.00826619
-0.133922
0.161327
0.360368
0.451803
0.523105
0.503551
0.543887
0.521423
-0.0363736
0.245903
0.464326
0.543851
-0.210651
0.0602547
0.161739
-0.421204
0.258369
-0.244685
-0.421926
-0.0662576
0.194658
0.300355
0.0862406
0.21487
0.0254482
0.380575
0.405608
-0.179268
-0.444167
-0.523511
-0.0204499
-0.129235
-0.129235
-0.752321
-0.324406
-0.214365
-0.0138302
-0.0215877
-0.0390104
-0.721781
-0.635137
-0.612723
-0.974084
-0.818705
-0.0813964
0.108368
0.348843
-0.112443
-0.0216522
0.0186097
0.237104
-0.247111
-0.295959
-0.0564149
0.0686168
0.258064
-0.0400411
-0.0261177
-0.770562
-0.935522
-0.924797
-0.718472
-0.889458
-0.889458
-0.857742
-0.864028
-0.472765
-0.986815
-0.742038
-0.303964
-0.51973
-0.847086
-0.847086
-0.847086
-0.847086
-0.204713
-0.0390006
-0.237549
-0.642398
-0.194759
0.534601
-0.260382
-0.260382
-0.294501
-0.232077
-0.371945
-0.392686
-0.396886
-0.904523
-0.141345
-0.238968
-0.0153472
-0.0149881
0.112693
0.293054
0.0395322
0.00043522
-0.035298
-0.0992579
-0.0992579
0.246382
0.75499
0.985656
0.91793
0.152745
0.118321
0.118321
0.0275815
0.0275815
-0.00484195
0.0884859
0.814184
0.931331
0.835535
0.146564
0.521711
-0.237023
-0.534641
-0.386789
0.0884873
-0.0614092
0.124622
-0.00109584
0.258772
-0.0191079
0.0880128
-0.601527
-0.525639
-0.492018
-0.422915
0.269259
0.315958
0.314208
-0.180911
-0.104056
0.567014
0.840932
0.724334
0.140052
0.0280804
0.0802302
0.720728
0.700899
0.184453
0.0685002
-0.104978
-0.0624819
-0.722608
-0.327897
0.177489
0.653066
0.911276
0.829261
0.461602
-0.0184846
0.237201
0.900066
0.696227
0.541223
0.683062
0.118948
0.172412
-0.189945
-0.00834402
0.105287
-0.0917396
-0.0495723
-0.438991
-0.284825
0.126446
-0.439528
-0.607903
-0.0678824
-0.687345
-0.819103
-0.819103
-0.478818
-0.460053
-0.188389
-0.0657938
0.187257
0.592314
0.171301
-0.300416
-0.656643
-0.222013
-0.222013
-0.0102131
-0.0414082
-0.0414082
0.0448038
-0.369682
-0.430769
-0.331946
-0.331946
-0.350101
-0.350101
0.120418
0.240897
0.263563
0.170781
-0.0616213
0.0523555
-0.323349
0.218462
-0.116728
-0.652632
-0.430002
0.132833
-0.311502
-0.881711
-0.354816
-0.422682
-0.310297
0.511521
0.470997
0.441557
0.0464059
0.0840416
-0.353742
-0.543923
-0.252264
-0.327928
-0.52372
0.076764
-0.52144
-0.52144
-0.532548
-0.39322
-0.167869
-0.0151056
0.00386429
0.300639
-0.0202678
0.418015
0.297699
-0.527034
-0.88782
-0.99166
-0.99166
-0.521773
0.0245902
-0.177142
-0.76375
-0.897423
-0.783507
-0.981529
-0.981529
-0.453835
-0.832758
-0.897634
-0.442412
-0.398821
-0.269102
-0.691092
-0.44949
-0.902097
-0.715812
-0.715812
-0.690614
-0.835364
-0.699572
-0.00371097
-0.186318
-0.186318
0.208904
0.0826969
0.0826969
-0.195177
0.148837
0.148837
-0.0165256
0.0251314
0.0308203
-0.133958
-0.197518
-0.00252405
-0.00252405
-0.295959
-0.120429
0.232197
0.0595741
0.184547
-0.295959
-0.295959
0.0249056
0.0455348
0.00629667
-0.216895
0.000786388
0.000786388
-0.00691837
0.00655639
-0.0824385
-0.289097
-0.275485
-0.0177677
0.122504
0.103366
-0.00773788
0.0184386
-0.115692
0.226777
0.187864
0.187864
-0.0284277
0.187382
0.468049
0.202684
0.531995
0.207146
0.101273
0.162225
-0.256924
0.0116922
-0.0159575
-0.0476453
0.0347735
0.14201
0.0598901
-0.253047
-0.241606
0.231983
-0.0862124
-0.0234803
-0.0234803
-0.0984208
-0.0596117
-0.17712
0.104935
0.325183
0.485188
0.538076
0.462375
0.462375
0.274369
-0.474517
-0.474517
0.0702888
-0.0555029
0.151984
-0.295959
-0.295959
-0.169407
0.0901422
0.0608656
-0.0850567
-0.170279
-0.17809
-0.17809
-0.17809
-0.295959
-0.295959
-0.295959
-0.257328
-0.10445
0.342927
-0.181195
-0.0214399
-0.0214399
-0.453471
-0.062049
-0.174042
0.170886
0.0376758
0.0794027
0.0406222
0.0593293
0.0593293
0.103066
-0.364036
-0.951998
-0.975941
-0.975941
-0.50583
-0.0323278
-0.0323278
-0.0323278
-0.0323278
0.206615
-0.112937
-0.189428
-0.486179
-0.486179
-0.486179
-0.699191
-0.699191
-0.699191
-0.699191
-0.699191
-0.699191
-0.859122
-0.470272
-0.470272
-0.0448554
-0.272357
-0.408649
-0.408649
-0.544155
-0.791936
-0.957509
-0.957509
-0.403748
0.365107
0.306759
0.159123
0.0298206
0.0264779
0.172045
0.172045
0.63439
0.488081
0.488081
0.488081
0.530517
0.805335
0.84806
0.833488
0.681613
0.954995
0.430714
0.430714
0.236613
-0.21995
-0.178424
-0.178424
-0.441691
-0.869383
-0.869383
-0.869383
-0.869383
-0.676326
-0.157625
-0.157625
-0.24699
-0.24699
-0.223984
-0.457263
-0.784098
-0.784098
-0.800081
-0.800081
-0.800081
-0.538212
-0.564363
-0.697856
-0.913951
-0.856973
-0.856973
-0.856973
-0.856973
-0.930072
-0.438247
-0.438247
-0.563274
-0.563274
-0.563274
-0.456719
-0.613017
-0.396163
-0.361693
-0.502659
-0.502659
-0.898307
-0.898307
-0.604156
-0.932118
-0.932118
-0.545588
-0.545588
-0.545588
-0.928669
-0.587968
-0.587968
-0.587968
-0.587968
-0.718873
-0.718873
-0.718873
-0.718873
-0.718873
-0.718873
-0.860217
-0.860217
-0.860217
-0.835921
-0.920871
-0.986901
-0.986901
-0.974168
-0.974168
-0.888333
-0.888333
-0.699682
-0.891889
-0.829432
-0.829432
-0.829432
-0.935136
-0.476873
-0.210558
-0.551161
-0.551161
-0.787559
-0.787559
-0.787559
-0.787559
-0.787559
-0.822754
-0.822754
-0.822754
-0.970518
-0.953369
-0.987398
-0.705524
-0.85638
-0.758104
-0.758104
-0.758104
-0.758104
-0.758104
-0.946233
-0.946233
-0.981766
-0.717669
-0.717669
-0.717669
-0.717669
-0.717669
-0.960726
-0.939646
-0.964804
-0.964804
-0.964804
-0.981639
-0.981639
-0.981639
-0.981639
-0.937838
-0.937838
-0.878784
-0.896213
-0.984916
-0.984916
-0.984916
-0.722677
-0.975418
-0.975418
-0.855286
-0.855286
-0.875677
-0.953588
-0.953588
-0.953588
-0.905896
-0.533839
-0.438886
-0.438886
-0.438886
-0.438886
-0.422928
-0.812004
-0.812004
-0.885505
-0.883233
-0.883233
-0.883233
-0.883233
-0.801386
-0.801386
-0.847572
-0.836998
-0.775958
-0.775958
-0.787245
-0.752272
-0.752272
-0.891586
-0.891586
-0.741786
-0.680165
-0.954562
-0.996686
-0.996686
-0.996686
-0.996686
-0.996686
-0.977143
-0.977143
-0.900433
-0.900433
-0.785154
-0.785154
-0.785154
-0.785154
-0.819157
-0.819157
-0.819157
-0.862626
-0.862626
-0.862626
-0.862626
-0.862626
-0.862626
-0.860205
-0.868655
-0.868655
-0.868655
-0.974124
-0.974124
-0.974124
-0.974124
-0.974124
-0.974124
-0.974124
-0.974124
-0.974124
-0.920241
-0.920241
-0.920241
-0.920241
-0.968413
-0.968413
-0.968413
-0.968413
-0.968413
-0.968413
-0.968413
-0.961845
-0.961845
-0.961845
-0.961845
-0.961845
-0.961845
-0.961845
-0.961845
-0.907
-0.907
-0.907
-0.907
-0.907
-0.907
-0.907
-0.907
-0.907
-0.907
-0.907
-0.907
-0.874427
-0.874427
-0.874427
-0.874427
-0.874427
-0.874427
-0.798913
-0.798913
-0.798913
-0.9392
-0.9392
-0.930964
-0.944666
-0.944666
-0.944666
-0.841297
-0.791904
-0.840583
-0.923864
-0.923864
-0.923864
-0.923864
-0.758802
-0.758802
-0.758802
-0.758802
-0.758802
-0.947376
-0.947376
-0.947376
-0.947376
-0.947376
-0.947376
-0.947376
-0.93626
-0.906993
-0.906993
-0.906993
-0.906993
-0.906993
-0.906993
-0.903519
-0.903519
-0.903519
-0.903519
-0.903519
-0.903519
-0.903519
-0.903519
-0.903519
-0.903519
-0.967194
-0.967194
-0.967194
-0.967194
-0.967194
-0.967194
-0.967194
-0.967194
-0.967194
-0.967194
-0.967194
-0.967194
-0.967194
-0.967194
-0.967194
-0.967194
-0.967194
-0.967194
-0.967194
-0.967194
-0.967194
-0.967194
-0.967194
-0.967194
-0.967194
-0.967194
-0.967194
-0.967194
-0.967194
-0.967194
-0.967194
-0.967194
-0.967194
-0.967194
-0.967194
-0.967194
-0.967194
-0.967194
-0.967194
-0.967194
-0.967194
-0.967194
-0.967194
-0.967194
-0.967194
-0.967194
-0.967194
-0.967194
-0.967194
-0.967194
-0.967194
-0.967194
-0.967194
-0.967194
-0.967194
-0.967194
-0.966856
-0.966856
-0.966856
-0.966856
-0.966856
-0.966856
-0.966856
-0.966856
-0.966856
-0.966856
-0.966856
-0.966856
-0.966856
-0.966856
-0.966856
-0.97784
-0.97784
-0.97784
-0.97784
-0.97784
-0.947392
-0.998709
-0.998709
-0.998709
-0.99035
-0.99035
-0.99035
-0.99035
-0.99035
-0.99035
-0.995447
-0.995447
-0.995447
-0.995447
-0.995447
-0.995447
-0.995447
-0.995447
-0.995447
-0.995447
-0.995447
-0.995447
-0.995447
-0.995447
-0.995447
-0.995447
-0.995447
-0.995447
-0.995447
-0.995447
-0.995447
-0.995447
-0.995447
-0.995447
-0.995447
-0.995447
-0.995447
-0.995447
-0.995447
-0.995447
-0.995447
-0.995447
-0.995447
-0.995447
-0.985129
-0.985129
-0.985129
-0.985129
-0.985129
-0.985129
-0.985129
-0.985129
-0.985129
-0.985129
-0.985129
-0.985129
-0.985129
-0.985129
-0.985129
-0.985129
-0.985129
-0.985129
-0.985129
-0.985129
-0.985129
-0.985129
-0.985129
-0.985129
-0.985129
-0.985129
-0.985129
-0.985129
-0.985129
-0.985129
-0.985129
-0.985129
-0.985129
-0.974662
-0.974662
-0.980149
-0.980149
-0.980149
-0.980149
-0.980149
-0.980149
-0.980149
-0.980149
-0.980149
-0.980149
-0.980149
-0.980149
-0.980149
-0.980149
-0.980149
-0.980149
-0.980149
-0.980149
-0.980149
-0.980149
-0.980149
-0.980149
-0.992159
-0.992159
-0.992159
-0.992159
-0.992159
-0.992159
-0.992159
-0.992159
-0.992159
-0.992159
-0.992159
-0.992159
-0.992159
-0.992159
-0.992159
-0.992159
-0.992159
-0.992159
-0.992159
-0.992159
-0.992159
-0.992159
-0.992159
-0.992159
-0.992159
-0.992159
-0.992159
-0.992159
-0.992159
-0.992159
-0.992159
-0.992159
-0.992159
-0.992159
-0.992159
-0.992159
-0.992159
-0.992159
-0.992159
-0.992159
-0.992159
-0.992159
-0.992159
-0.992159
-0.992159
-0.992159
-0.992159
-0.992159
-0.992159
-0.992159
-0.992159
-0.992159
-0.992159
-0.992159
-0.992159
-0.992159
-0.992159
-0.992159
-0.992159
-0.992159
-0.992159
-0.992159
-0.992159
-0.992159
-0.992159
-0.992159
-0.992159
-0.992159
-0.992159
-0.992159
-0.992159
-0.992159
-0.992159
-0.992159
-0.992159
-0.992159
-0.992159
-0.992159
-0.992159
-0.991784
-0.991784
-0.991784
-0.991784
-0.991784
-0.991784
-0.991784
-0.991784
-0.991784
-0.991784
-0.991784
-0.991784
-0.991784
-0.991784
-0.991784
-0.991784
-0.991784
-0.991784
-0.991784
-0.991784
-0.991784
-0.991784
-0.991784
-0.991784
-0.991784
-0.991784
-0.991784
-0.991784
-0.991784
-0.991784
-0.991784
-0.991784
-0.991784
-0.991784
-0.991784
-0.991784
-0.991784
-0.991784
-0.991784
-0.991784
-0.991784
-0.991784
-0.991784
-0.991784
-0.991784
-0.991784
-0.991784
-0.991784
-0.991784
-0.991784
-0.991784
-0.991784
-0.991784
-0.991784
-0.991784
-0.991784
-0.991784
-0.991784
-0.991784
-0.991784
-0.991784
-0.991784
-0.991784
-0.991784
-0.991784
-0.991784
-0.991784
-0.991784
-0.991784
-0.991784
-0.991784
-0.991784
-0.991784
-0.991784
-0.991784
-0.991784
-0.991784
-0.991784
-0.991784
-0.991784
-0.991784
-0.991784
-0.991784
-0.991784
-0.991784
-0.991784
-0.991784
-0.991784
-0.991784
-0.991784
-0.991784
-0.991784
-0.991784
-0.991784
-0.991784
-0.991784
-0.991784
-0.991784
-0.991784
-0.991784
-0.991784
-0.991784
-0.991784
-0.991784
-0.991784
-0.991784
-0.991784
-0.991784
-0.991784
-0.991784
-0.991784
-0.991784
-0.991784
-0.991784
-0.991784
-0.991784
-0.991784
-0.991784
-0.991784
-0.991784
-0.991784
-0.991784
-0.991784
-0.991784
-0.991784
-0.991784
-0.991784
-0.991784
-0.991784
-0.991784
-0.991784
-0.991784
-0.991784
-0.991784
-0.991784
-0.991784
-0.991784
-0.991784
-0.991784
-0.991784
-0.991784
-0.991784
-0.991784
-0.991784
-0.991784
-0.991784
-0.991784
-0.991784
-0.991784
-0.991784
-0.991784
-0.991784
-0.991784
-0.991784
-0.991784
-0.991784
-0.991784
-0.991784
-0.991784
-0.991784
-0.99448
-0.99448
-0.99448
-0.99448
-0.99448
-0.99448
-0.99448
-0.99448
-0.99448
-0.99448
-0.99448
-0.99448
-0.99448
-0.99448
-0.99448
-0.99448
-0.99448
-0.99448
-0.99448
-0.99448
-0.99448
-0.99448
-0.99448
-0.99448
-0.99448
-0.99448
-0.99448
-0.99448
-0.99448
-0.99448
-0.99448
-0.99448
-0.99448
-0.99448
-0.99448
-0.99448
-0.99448
-0.99448
-0.99448
-0.99448
-0.99448
-0.99448
-0.99448
-0.99448
-0.99448
-0.99448
-0.99448
-0.99448
-0.99448
-0.99448
-0.99448
-0.99448
-0.99448
-0.99448
-0.99448
-0.99448
-0.99448
-0.99448
-0.99448
-0.99448
-0.99448
-0.99448
-0.99448
-0.99448
-0.99448
-0.99448
-0.99448
-0.99448
-0.99448
-0.99448
-0.99448
-0.99448
-0.99448
-0.99448
-0.99448
-0.99448
-0.99448
-0.99448
-0.99448
-0.99448
-0.99448
-0.99448
-0.99448
-0.99448
-0.99448
-0.99448
-0.99448
-0.99448
-0.99448
-0.99448
-0.99448
-0.99448
-0.99448
-0.99448
-0.99448
-0.99448
-0.99448
-0.99448
-0.99448
-0.99448
-0.99448
-0.99448
-0.99448
-0.99448
-0.99448
-0.99448
-0.99448
-0.99448
-0.99448
-0.99448
-0.99448
-0.99448
-0.99448
-0.99448
-0.99448
-0.99448
-0.99448
-0.99448
-0.99448
-0.99448
-0.99448
-0.99448
-0.99448
-0.99448
-0.996435
-0.996435
-0.996435
-0.996435
-0.996435
-0.996435
-0.996435
-0.996435
-0.996435
-0.996435
-0.996435
-0.996435
-0.996435
-0.996435
-0.996435
-0.996435
-0.996435
-0.996435
-0.996435
-0.996435
-0.996435
-0.996435
-0.996435
-0.996435
-0.996435
-0.996435
-0.996435
-0.996435
-0.996435
-0.996435
-0.996435
-0.996435
-0.996435
-0.996435
-0.996435
-0.996435
-0.996435
-0.996435
-0.996435
-0.996435
-0.996435
-0.996435
-0.996435
-0.996435
-0.996435
-0.996435
-0.996435
-0.996435
-0.996435
-0.996435
-0.996435
-0.996435
-0.996435
-0.996435
-0.996435
-0.996435
-0.996435
-0.996435
-0.996435
-0.996435
-0.996435
-0.996435
-0.996435
-0.996435
-0.996435
-0.996435
-0.996435
-0.996435
-0.996435
-0.996435
-0.996435
-0.996435
-0.996435
-0.996435
-0.996435
-0.996435
-0.996435
-0.996435
-0.996435
-0.996435
-0.996435
-0.996435
-0.996435
-0.996435
-0.996435
-0.996435
-0.996435
-0.996435
-0.996435
-0.996435
-0.996435
-0.996435
-0.996435
-0.996435
-0.996435
-0.996435
-0.996435
-0.996435
-0.996435
-0.996435
-0.996435
-0.996435
-0.996435
-0.996435
-0.996435
-0.996435
-0.996435
-0.996435
-0.996435
-0.996435
-0.996435
-0.996435
-0.996435
-0.996435
-0.996435
-0.996435
-0.996435
-0.996435
-0.996435
-0.996435
-0.996435
-0.996435
-0.996435
-0.996435
-0.996435
-0.996435
-0.996435
-0.996435
-0.996435
-0.996435
-0.996435
-0.996435
-0.996435
-0.996435
-0.996435
-0.996435
-0.996435
-0.996435
-0.996435
-0.996435
-0.996435
-0.996435
-0.996435
-0.996435
-0.996435
-0.996435
-0.996435
-0.996435
-0.996435
-0.996435
-0.996435
-0.996435
-0.996435
-0.996435
-0.996435
-0.996435
-0.996435
-0.996435
-0.996435
-0.996435
-0.996435
-0.996435
-0.996435
-0.996435
-0.996435
-0.996435
-0.996435
-0.996435
-0.998462
-0.998462
-0.998462
-0.998462
-0.998462
-0.998462
-0.998462
-0.998462
-0.998462
-0.998462
-0.998462
-0.998462
-0.998462
-0.998462
-0.998462
-0.998462
-0.998462
-0.998462
-0.998462
-0.998462
-0.998462
-0.998462
-0.998462
-0.998462
-0.998462
-0.998462
-0.998462
-0.998462
-0.998462
-0.998462
-0.998462
-0.998462
-0.998462
-0.998462
-0.998462
-0.998462
-0.998462
-0.998462
-0.998462
-0.998462
-0.998462
-0.998462
-0.998462
-0.998462
-0.998462
-0.998462
-0.998462
-0.998462
-0.998462
-0.998462
-0.998462
-0.998462
-0.998462
-0.998462
-0.998462
-0.998462
-0.998462
-0.998462
-0.998462
-0.998462
-0.998462
-0.998462
-0.998462
-0.998462
-0.998462
-0.998462
-0.998462
-0.998462
-0.998462
-0.998462
-0.998462
-0.998462
-0.998462
-0.998462
-0.998462
-0.998462
-0.998462
-0.998462
-0.998462
-0.998462
-0.998462
-0.998462
-0.998462
-0.998462
-0.998462
-0.998462
-0.998462
-0.998462
-0.998462
-0.998462
-0.998462
-0.998462
-0.998462
-0.998462
-0.998462
-0.998462
-0.998462
-0.998462
-0.998462
-0.998462
-0.998462
-0.998462
-0.998462
-0.998462
-0.998462
-0.998462
-0.998462
-0.998462
-0.998462
-0.998462
-0.998462
-0.998462
-0.998462
-0.998462
-0.998462
-0.998462
-0.998462
-0.998462
-0.998462
-0.998462
-0.998462
-0.998462
-0.998462
-0.998462
-0.998462
-0.998462
-0.998462
-0.998462
-0.998462
-0.998462
-0.998462
-0.998462
-0.998462
-0.998462
-0.998462
-0.998462
-0.998462
-0.998462
-0.998462
-0.998462
-0.998462
-0.998462
-0.998462
-0.998462
-0.998462
-0.998462
-0.998462
-0.998462
-0.998462
-0.998462
-0.998462
-0.998462
-0.998462
-0.998462
-0.998462
-0.998462
-0.998462
-0.998462
-0.998462
-0.998462
-0.998462
-0.998462
-0.998462
-0.998462
-0.998462
-0.998462
-0.998462
-0.998462
-0.998462
-0.998462
-0.998462
-0.998462
-0.998462
-0.998462
-0.998462
-0.998462
-0.998462
-0.998462
-0.998462
-0.998462
-0.998462
-0.998462
-0.998462
-0.998462
-0.998462
-0.998462
-0.998462
-0.998462
-0.998462
-0.998462
-0.998462
-0.998462
-0.998462
-0.998462
-0.998462
-0.998462
-0.998462
-0.998462
-0.998462
-0.998462
-0.998462
-0.998462
-0.998462
-0.998462
-0.998462
-0.998462
-0.998462
-0.998462
-0.998462
-0.998462
-0.998462
-0.998462
-0.998462
-0.998462
-0.998462
-0.998462
-0.998462
-0.998462
-0.998462
-0.998462
-0.998462
-0.998462
-0.998462
-0.998462
-0.998462
-0.998462
-0.998462
-0.998462
-0.998462
-0.998462
-0.998462
-0.998462
-0.998462
-0.998462
-0.998462
-0.998462
-0.998462
-0.998462
-0.998462
-0.998462
-0.998462
-0.998462
-0.998462
-0.998462
-0.998462
-0.998462
-0.998462
-0.998462
-0.998462
-0.998462
-0.998462
-0.998462
-0.998462
-0.998462
-0.998462
-0.998462
-0.998462
-0.998462
-0.998462
-0.998462
-0.998462
-0.998462
-0.998462
-0.998462
-0.998462
-0.998462
-0.998462
-0.998462
-0.998462
-0.998462
-0.998462
-0.998462
-0.998462
-0.998462
-0.998462
-0.998462
-0.998462
-0.998462
-0.998462
-0.998462
-0.998462
-0.998462
-0.998462
-0.998462
-0.998462
-0.998462
-0.998462
-0.998462
-0.998462
-0.998462
-0.998462
-0.998462
-0.998462
-0.998462
-0.998462
-0.998462
-0.998462
-0.998462
-0.998462
-0.998462
-0.998462
-0.998462
-0.998462
-0.998462
-0.998462
-0.998462
-0.998462
-0.998462
-0.998462
-0.998462
-0.998462
-0.998462
-0.998462
-0.998462
-0.998462
-0.998462
-0.998462
-0.998462
-0.998462
-0.998462
-0.998462
-0.998462
-0.998462
-0.998462
-0.998462
-0.998462
-0.998462
-0.998462
-0.998462
-0.998462
-0.998462
-0.998462
-0.998462
-0.998462
-0.998462
-0.998462
-0.998462
-0.998462
-0.998462
-0.998462
-0.998462
-0.998462
-0.998462
-0.998462
-0.998462
-0.998462
-0.998462
-0.998462
-0.998462
-0.998462
-0.998462
-0.998462
-0.998462
-0.998462
-0.998462
-0.998462
-0.998462
-0.998462
-0.998462
-0.998462
-0.998462
-0.998462
-0.998462
-0.998462
-0.998462
-0.998462
-0.998462
-0.998462
-0.998462
-0.998462
-0.998462
-0.998462
-0.998462
-0.998462
-0.998462
-0.998462
-0.998462
-0.998462
-0.998462
-0.998462
-0.998462
-0.998462
-0.998462
-0.998462
-0.998462
-0.998462
-0.998462
-0.998462
-0.998462
-0.998462
-0.998462
-0.998462
-0.998462
-0.998462
-0.998462
-0.998462
-0.998462
-0.998462
-0.998462
-0.998462
-0.998462
-0.998462
-0.998462
-0.998462
-0.998462
-0.998462
-0.998462
-0.998462
-0.998462
-0.998462
-0.998462
-0.998462
-0.998462
-0.998462
-0.998462
-0.998462
-0.998462
-0.998462
-0.998462
-0.998462
-0.998462
-0.998462
-0.998462
-0.998462
-0.998462
-0.998462
-0.998462
-0.998462
-0.998462
-0.998462
-0.998462
-0.998462
-0.998462
-0.998462
-0.998462
-0.998462
-0.998462
-0.998462
-0.998462
-0.998462
-0.998462
-0.998462
-0.998462
-0.998462
-0.998462
-0.998462
-0.998462
-0.998462
-0.998462
-0.998462
-0.998462
-0.998462
-0.998462
-0.998462
-0.998462
-0.998462
-0.998462
-0.998462
-0.998462
-0.998462
-0.998462
-0.998462
-0.998462
-0.998462
-0.998462
-0.998462
-0.998462
-0.998462
-0.998462
-0.998462
-0.998462
-0.998462
-0.998462
-0.998462
-0.998462
-0.998462
-0.998462
-0.998462
-0.998462
-0.998462
-0.998462
-0.998462
-0.998462
-0.998462
-0.998462
-0.998462
-0.998462
-0.998462
-0.998462
-0.998462
-0.998462
-0.998462
-0.998462
-0.998462
-0.998462
-0.998462
-0.998462
-0.998462
-0.998462
-0.998462
-0.998462
-0.998462
-0.998462
-0.998462
-0.998462
-0.998462
-0.998462
-0.998462
-0.998462
-0.998462
-0.998462
-0.998462
-0.998462
-0.998462
-0.998462
-0.998462
-0.998462
-0.998462
-0.998462
-0.998462
-0.998462
-0.998462
-0.998462
-0.998462
-0.998462
-0.998462
-0.998462
-0.998462
-0.998462
-0.998462
-0.998462
-0.998462
-0.998462
-0.998462
-0.998462
-0.998462
-0.998462
-0.998462
-0.998462
-0.998462
-0.998462
-0.998462
-0.998462
-0.998462
-0.998462
-0.998462
-0.998462
-0.998462
-0.998462
-0.998462
-0.998462
-0.998462
-0.998462
-0.998462
-0.998462
-0.998462
-0.998462
-0.998462
-0.998462
-0.998462
-0.998462
-0.998462
-0.998462
-0.998462
-0.998462
-0.998462
-0.998462
-0.998462
-0.998462
-0.998462
-0.998462
-0.998462
-0.998462
-0.998462
-0.998462
