-5 5.61919
-4.99 5.60257
-4.98 5.58598
-4.97 5.56942
-4.96 5.5529
-4.95 5.53641
-4.94 5.51996
-4.93 5.50353
-4.92 5.48714
-4.91 5.47079
-4.9 5.45446
-4.89 5.43817
-4.88 5.42191
-4.87 5.40569
-4.86 5.38949
-4.85 5.37333
-4.84 5.35721
-4.83 5.34111
-4.82 5.32505
-4.81 5.30902
-4.8 5.29302
-4.79 5.27706
-4.77999 5.26112
-4.76999 5.24522
-4.75999 5.22936
-4.74999 5.21352
-4.73999 5.19772
-4.72999 5.18195
-4.71999 5.16621
-4.70999 5.1505
-4.69999 5.13483
-4.68999 5.11919
-4.67999 5.10358
-4.66999 5.088
-4.65999 5.07246
-4.64999 5.05694
-4.63999 5.04146
-4.62999 5.02601
-4.61999 5.0106
-4.60999 4.99521
-4.59999 4.97986
-4.58999 4.96454
-4.57999 4.94925
-4.56999 4.93399
-4.55999 4.91876
-4.54999 4.90357
-4.53999 4.8884
-4.52999 4.87327
-4.51999 4.85817
-4.50999 4.84311
-4.49999 4.82807
-4.48999 4.81306
-4.47999 4.79809
-4.46999 4.78315
-4.45999 4.76824
-4.44999 4.75336
-4.43999 4.73851
-4.42999 4.72369
-4.41999 4.70891
-4.40999 4.69415
-4.39999 4.67943
-4.38999 4.66474
-4.37999 4.65008
-4.36999 4.63545
-4.35999 4.62085
-4.34999 4.60629
-4.33998 4.59175
-4.32998 4.57724
-4.31998 4.56277
-4.30998 4.54833
-4.29998 4.53391
-4.28998 4.51953
-4.27998 4.50518
-4.26998 4.49086
-4.25998 4.47657
-4.24998 4.46231
-4.23998 4.44808
-4.22998 4.43389
-4.21998 4.41972
-4.20998 4.40558
-4.19998 4.39148
-4.18998 4.3774
-4.17998 4.36336
-4.16998 4.34934
-4.15998 4.33536
-4.14998 4.32141
-4.13998 4.30749
-4.12998 4.29359
-4.11998 4.27973
-4.10998 4.2659
-4.09998 4.2521
-4.08998 4.23832
-4.07998 4.22458
-4.06998 4.21087
-4.05998 4.19719
-4.04998 4.18354
-4.03998 4.16992
-4.02998 4.15633
-4.01998 4.14277
-4.00998 4.12923
-3.99998 4.11573
-3.98998 4.10226
-3.97998 4.08882
-3.96998 4.07541
-3.95998 4.06203
-3.94998 4.04868
-3.93998 4.03535
-3.92998 4.02206
-3.91998 4.0088
-3.90998 3.99556
-3.89998 3.98236
-3.88998 3.96918
-3.87998 3.95604
-3.86998 3.94292
-3.85998 3.92984
-3.84998 3.91678
-3.83998 3.90375
-3.82998 3.89075
-3.81998 3.87779
-3.80998 3.86485
-3.79998 3.85194
-3.78998 3.83905
-3.77998 3.8262
-3.76998 3.81338
-3.75998 3.80058
-3.74998 3.78782
-3.73998 3.77508
-3.72998 3.76238
-3.71998 3.7497
-3.70998 3.73705
-3.69998 3.72443
-3.68998 3.71184
-3.67998 3.69928
-3.66998 3.68674
-3.65998 3.67424
-3.64998 3.66176
-3.63998 3.64932
-3.62998 3.6369
-3.61998 3.62451
-3.60998 3.61215
-3.59998 3.59981
-3.58998 3.58751
-3.57998 3.57523
-3.56998 3.56299
-3.55998 3.55077
-3.54998 3.53858
-3.53998 3.52641
-3.52998 3.51428
-3.51998 3.50217
-3.50998 3.4901
-3.49998 3.47805
-3.48998 3.46603
-3.47998 3.45403
-3.46998 3.44207
-3.45998 3.43013
-3.44998 3.41822
-3.43998 3.40634
-3.42998 3.39449
-3.41998 3.38267
-3.40998 3.37087
-3.39998 3.3591
-3.38998 3.34736
-3.37998 3.33565
-3.36998 3.32396
-3.35998 3.3123
-3.34998 3.30068
-3.33998 3.28907
-3.32998 3.2775
-3.31998 3.26595
-3.30998 3.25443
-3.29998 3.24294
-3.28998 3.23148
-3.27998 3.22004
-3.26998 3.20863
-3.25998 3.19725
-3.24998 3.1859
-3.23998 3.17457
-3.22998 3.16327
-3.21998 3.152
-3.20998 3.14075
-3.19998 3.12953
-3.18998 3.11834
-3.17998 3.10718
-3.16998 3.09604
-3.15998 3.08494
-3.14998 3.07385
-3.13998 3.0628
-3.12998 3.05177
-3.11998 3.04077
-3.10998 3.0298
-3.09998 3.01885
-3.08998 3.00793
-3.07998 2.99703
-3.06998 2.98617
-3.05998 2.97533
-3.04998 2.96451
-3.03998 2.95373
-3.02998 2.94297
-3.01998 2.93224
-3.00998 2.92153
-2.99998 2.91085
-2.98998 2.90019
-2.97998 2.88957
-2.96998 2.87897
-2.95998 2.86839
-2.94998 2.85785
-2.93998 2.84732
-2.92998 2.83683
-2.91998 2.82636
-2.90998 2.81592
-2.89998 2.8055
-2.88998 2.79511
-2.87998 2.78475
-2.86998 2.77441
-2.85998 2.7641
-2.84998 2.75381
-2.83998 2.74355
-2.82998 2.73332
-2.81998 2.72311
-2.80998 2.71293
-2.79998 2.70278
-2.78998 2.69265
-2.77998 2.68254
-2.76998 2.67246
-2.75998 2.66241
-2.74998 2.65239
-2.73998 2.64239
-2.72998 2.63241
-2.71998 2.62246
-2.70998 2.61254
-2.69998 2.60264
-2.68998 2.59276
-2.67998 2.58292
-2.66998 2.5731
-2.65998 2.5633
-2.64998 2.55353
-2.63998 2.54378
-2.62998 2.53406
-2.61998 2.52437
-2.60998 2.5147
-2.59998 2.50505
-2.58998 2.49543
-2.57998 2.48584
-2.56998 2.47627
-2.55998 2.46673
-2.54998 2.45721
-2.53998 2.44771
-2.52998 2.43825
-2.51998 2.4288
-2.50998 2.41938
-2.49998 2.40999
-2.48998 2.40062
-2.47998 2.39128
-2.46998 2.38196
-2.45998 2.37266
-2.44998 2.36339
-2.43998 2.35415
-2.42998 2.34493
-2.41998 2.33573
-2.40998 2.32656
-2.39998 2.31741
-2.38998 2.30829
-2.37998 2.29919
-2.36998 2.29012
-2.35998 2.28107
-2.34998 2.27205
-2.33998 2.26305
-2.32998 2.25407
-2.31998 2.24512
-2.30998 2.2362
-2.29998 2.22729
-2.28998 2.21841
-2.27998 2.20956
-2.26998 2.20073
-2.25998 2.19192
-2.24998 2.18314
-2.23998 2.17438
-2.22998 2.16565
-2.21998 2.15694
-2.20998 2.14825
-2.19998 2.13959
-2.18998 2.13095
-2.17998 2.12234
-2.16998 2.11375
-2.15998 2.10518
-2.14998 2.09664
-2.13998 2.08812
-2.12998 2.07963
-2.11998 2.07115
-2.10998 2.06271
-2.09998 2.05428
-2.08998 2.04588
-2.07998 2.0375
-2.06998 2.02915
-2.05998 2.02082
-2.04998 2.01251
-2.03998 2.00423
-2.02998 1.99597
-2.01998 1.98773
-2.00998 1.97951
-1.99998 1.97132
-1.98998 1.96316
-1.97998 1.95501
-1.96998 1.94689
-1.95998 1.93879
-1.94998 1.93072
-1.93998 1.92267
-1.92998 1.91464
-1.91998 1.90663
-1.90998 1.89865
-1.89998 1.89069
-1.88998 1.88275
-1.87998 1.87484
-1.86998 1.86695
-1.85998 1.85908
-1.84998 1.85123
-1.83998 1.84341
-1.82998 1.83561
-1.81998 1.82783
-1.80998 1.82008
-1.79998 1.81234
-1.78998 1.80463
-1.77998 1.79695
-1.76998 1.78928
-1.75998 1.78164
-1.74998 1.77402
-1.73998 1.76642
-1.72998 1.75885
-1.71998 1.75129
-1.70998 1.74376
-1.69998 1.73625
-1.68998 1.72877
-1.67998 1.7213
-1.66998 1.71386
-1.65998 1.70644
-1.64998 1.69904
-1.63998 1.69167
-1.62998 1.68431
-1.61998 1.67698
-1.60998 1.66967
-1.59998 1.66239
-1.58998 1.65512
-1.57998 1.64788
-1.56998 1.64065
-1.55998 1.63345
-1.54998 1.62627
-1.53998 1.61912
-1.52998 1.61198
-1.51998 1.60487
-1.50998 1.59778
-1.49998 1.59071
-1.48998 1.58366
-1.47998 1.57663
-1.46998 1.56963
-1.45998 1.56264
-1.44998 1.55568
-1.43998 1.54874
-1.42998 1.54182
-1.41998 1.53492
-1.40998 1.52804
-1.39998 1.52118
-1.38998 1.51435
-1.37998 1.50754
-1.36998 1.50074
-1.35998 1.49397
-1.34998 1.48722
-1.33998 1.48049
-1.32998 1.47378
-1.31998 1.4671
-1.30998 1.46043
-1.29998 1.45378
-1.28998 1.44716
-1.27998 1.44056
-1.26998 1.43397
-1.25998 1.42741
-1.24998 1.42087
-1.23998 1.41435
-1.22998 1.40785
-1.21998 1.40137
-1.20998 1.39491
-1.19998 1.38847
-1.18998 1.38206
-1.17998 1.37566
-1.16998 1.36928
-1.15998 1.36293
-1.14998 1.35659
-1.13998 1.35028
-1.12998 1.34398
-1.11998 1.33771
-1.10998 1.33145
-1.09998 1.32522
-1.08998 1.31901
-1.07998 1.31281
-1.06998 1.30664
-1.05998 1.30049
-1.04998 1.29435
-1.03998 1.28824
-1.02998 1.28215
-1.01998 1.27608
-1.00998 1.27002
-0.99998 1.26399
-0.98998 1.25798
-0.97998 1.25198
-0.96998 1.24601
-0.95998 1.24006
-0.94998 1.23412
-0.93998 1.22821
-0.92998 1.22232
-0.91998 1.21644
-0.90998 1.21059
-0.89998 1.20475
-0.88998 1.19893
-0.87998 1.19314
-0.86998 1.18736
-0.85998 1.1816
-0.84998 1.17587
-0.83998 1.17015
-0.82998 1.16445
-0.81998 1.15877
-0.80998 1.15311
-0.79998 1.14747
-0.78998 1.14185
-0.77998 1.13624
-0.76998 1.13066
-0.75998 1.1251
-0.74998 1.11955
-0.73998 1.11402
-0.72998 1.10852
-0.71998 1.10303
-0.70998 1.09756
-0.69998 1.09211
-0.689981 1.08668
-0.679981 1.08126
-0.669981 1.07587
-0.659981 1.0705
-0.649981 1.06514
-0.639981 1.0598
-0.629981 1.05448
-0.619981 1.04918
-0.609981 1.0439
-0.599981 1.03864
-0.589981 1.0334
-0.579981 1.02817
-0.569981 1.02296
-0.559981 1.01778
-0.549981 1.0126
-0.539981 1.00745
-0.529981 1.00232
-0.519981 0.997205
-0.509981 0.992108
-0.499981 0.98703
-0.489981 0.981969
-0.479981 0.976927
-0.469981 0.971904
-0.459981 0.966898
-0.449981 0.96191
-0.439981 0.956941
-0.429981 0.95199
-0.419981 0.947056
-0.409981 0.942141
-0.399981 0.937243
-0.389981 0.932364
-0.379981 0.927502
-0.369981 0.922658
-0.359981 0.917832
-0.349981 0.913024
-0.339981 0.908233
-0.329981 0.90346
-0.319981 0.898705
-0.309981 0.893968
-0.299981 0.889248
-0.289981 0.884546
-0.279981 0.879861
-0.269981 0.875194
-0.259981 0.870544
-0.249981 0.865912
-0.239981 0.861297
-0.229981 0.856699
-0.219981 0.852119
-0.209981 0.847556
-0.199981 0.843011
-0.189981 0.838482
-0.179981 0.833971
-0.169981 0.829477
-0.159981 0.825001
-0.149981 0.820541
-0.139981 0.816098
-0.129981 0.811673
-0.119981 0.807264
-0.109981 0.802873
-0.0999809 0.798498
-0.0899809 0.794141
-0.0799809 0.7898
-0.0699809 0.785476
-0.0599809 0.781169
-0.0499809 0.776878
-0.0399809 0.772605
-0.0299809 0.768348
-0.0199809 0.764108
-0.00998086 0.759884
1.91445e-05 0.755677
0.0100191 0.751487
0.0200191 0.747313
0.0300191 0.743156
0.0400191 0.739015
0.0500191 0.734891
0.0600191 0.730783
0.0700191 0.726692
0.0800191 0.722617
0.0900191 0.718558
0.100019 0.714515
0.110019 0.710489
0.120019 0.706479
0.130019 0.702485
0.140019 0.698507
0.150019 0.694545
0.160019 0.6906
0.170019 0.68667
0.180019 0.682757
0.190019 0.67886
0.200019 0.674978
0.210019 0.671113
0.220019 0.667263
0.230019 0.663429
0.240019 0.659611
0.250019 0.655809
0.260019 0.652022
0.270019 0.648252
0.280019 0.644496
0.290019 0.640757
0.300019 0.637033
0.310019 0.633325
0.320019 0.629632
0.330019 0.625955
0.340019 0.622294
0.350019 0.618648
0.360019 0.615017
0.370019 0.611402
0.380019 0.607801
0.390019 0.604217
0.400019 0.600648
0.410019 0.597093
0.420019 0.593554
0.430019 0.590031
0.440019 0.586522
0.450019 0.583029
0.460019 0.579551
0.470019 0.576087
0.480019 0.572639
0.490019 0.569206
0.500019 0.565787
0.510019 0.562384
0.520019 0.558996
0.530019 0.555622
0.540019 0.552263
0.550019 0.548919
0.560019 0.54559
0.570019 0.542276
0.580019 0.538976
0.590019 0.535691
0.600019 0.53242
0.610019 0.529164
0.620019 0.525923
0.630019 0.522696
0.640019 0.519484
0.650019 0.516286
0.660019 0.513103
0.670019 0.509934
0.680019 0.506779
0.690019 0.503639
0.700019 0.500512
0.710019 0.497401
0.720019 0.494303
0.730019 0.49122
0.740019 0.488151
0.750019 0.485096
0.760019 0.482055
0.770019 0.479028
0.780019 0.476015
0.790019 0.473016
0.800019 0.470031
0.810019 0.46706
0.820019 0.464103
0.830019 0.46116
0.840019 0.45823
0.850019 0.455315
0.860019 0.452413
0.870019 0.449525
0.880019 0.44665
0.890019 0.44379
0.900019 0.440943
0.910019 0.438109
0.920019 0.435289
0.930019 0.432483
0.940019 0.42969
0.950019 0.426911
0.960019 0.424144
0.970019 0.421392
0.980018 0.418653
0.990018 0.415927
1.00002 0.413214
1.01002 0.410515
1.02002 0.407829
1.03002 0.405156
1.04002 0.402496
1.05002 0.39985
1.06002 0.397216
1.07002 0.394596
1.08002 0.391988
1.09002 0.389394
1.10002 0.386813
1.11002 0.384244
1.12002 0.381689
1.13002 0.379146
1.14002 0.376616
1.15002 0.374099
1.16002 0.371595
1.17002 0.369103
1.18002 0.366624
1.19002 0.364158
1.20002 0.361705
1.21002 0.359264
1.22002 0.356835
1.23002 0.35442
1.24002 0.352016
1.25002 0.349625
1.26002 0.347247
1.27002 0.344881
1.28002 0.342527
1.29002 0.340186
1.30002 0.337857
1.31002 0.33554
1.32002 0.333236
1.33002 0.330944
1.34002 0.328664
1.35002 0.326396
1.36002 0.32414
1.37002 0.321896
1.38002 0.319664
1.39002 0.317445
1.40002 0.315237
1.41002 0.313041
1.42002 0.310857
1.43002 0.308685
1.44002 0.306525
1.45002 0.304377
1.46002 0.30224
1.47002 0.300115
1.48002 0.298002
1.49002 0.295901
1.50002 0.293811
1.51002 0.291733
1.52002 0.289666
1.53002 0.287611
1.54002 0.285567
1.55002 0.283535
1.56002 0.281515
1.57002 0.279505
1.58002 0.277507
1.59002 0.275521
1.60002 0.273546
1.61002 0.271582
1.62002 0.269629
1.63002 0.267688
1.64002 0.265757
1.65002 0.263838
1.66002 0.26193
1.67002 0.260033
1.68002 0.258147
1.69002 0.256272
1.70002 0.254408
1.71002 0.252555
1.72002 0.250713
1.73002 0.248882
1.74002 0.247062
1.75002 0.245252
1.76002 0.243453
1.77002 0.241666
1.78002 0.239888
1.79002 0.238122
1.80002 0.236366
1.81002 0.23462
1.82002 0.232886
1.83002 0.231161
1.84002 0.229448
1.85002 0.227744
1.86002 0.226052
1.87002 0.224369
1.88002 0.222697
1.89002 0.221036
1.90002 0.219384
1.91002 0.217743
1.92002 0.216113
1.93002 0.214492
1.94002 0.212882
1.95002 0.211281
1.96002 0.209691
1.97002 0.208111
1.98002 0.206541
1.99002 0.204981
2.00002 0.203431
2.01002 0.201891
2.02002 0.200361
2.03002 0.198841
2.04002 0.197331
2.05002 0.19583
2.06002 0.194339
2.07002 0.192858
2.08002 0.191387
2.09002 0.189925
2.10002 0.188473
2.11002 0.187031
2.12002 0.185598
2.13002 0.184175
2.14002 0.182761
2.15002 0.181357
2.16002 0.179962
2.17002 0.178577
2.18002 0.177201
2.19002 0.175835
2.20002 0.174477
2.21002 0.173129
2.22002 0.171791
2.23002 0.170461
2.24002 0.169141
2.25002 0.16783
2.26002 0.166528
2.27002 0.165235
2.28002 0.163951
2.29002 0.162676
2.30002 0.16141
2.31002 0.160153
2.32002 0.158905
2.33002 0.157666
2.34002 0.156436
2.35002 0.155214
2.36002 0.154002
2.37002 0.152798
2.38002 0.151603
2.39002 0.150416
2.40002 0.149238
2.41002 0.148069
2.42002 0.146909
2.43002 0.145757
2.44002 0.144613
2.45002 0.143478
2.46002 0.142351
2.47002 0.141233
2.48002 0.140124
2.49002 0.139022
2.50002 0.137929
2.51002 0.136844
2.52002 0.135768
2.53002 0.1347
2.54002 0.13364
2.55002 0.132588
2.56002 0.131544
2.57002 0.130508
2.58002 0.12948
2.59002 0.128461
2.60002 0.127449
2.61002 0.126446
2.62002 0.12545
2.63002 0.124462
2.64002 0.123482
2.65002 0.12251
2.66002 0.121545
2.67002 0.120589
2.68002 0.11964
2.69002 0.118699
2.70002 0.117765
2.71002 0.116839
2.72002 0.115921
2.73002 0.11501
2.74002 0.114107
2.75002 0.113211
2.76002 0.112323
2.77002 0.111442
2.78002 0.110569
2.79002 0.109703
2.80002 0.108844
2.81002 0.107993
2.82002 0.107149
2.83002 0.106312
2.84002 0.105482
2.85002 0.104659
2.86002 0.103844
2.87002 0.103036
2.88002 0.102234
2.89002 0.10144
2.90002 0.100653
2.91002 0.0998727
2.92002 0.0990994
2.93002 0.0983329
2.94002 0.0975734
2.95002 0.0968206
2.96002 0.0960747
2.97002 0.0953355
2.98002 0.0946031
2.99002 0.0938773
3.00002 0.0931583
3.01002 0.0924458
3.02002 0.09174
3.03002 0.0910407
3.04002 0.090348
3.05002 0.0896618
3.06002 0.088982
3.07002 0.0883087
3.08002 0.0876417
3.09002 0.0869812
3.10002 0.086327
3.11002 0.085679
3.12002 0.0850374
3.13002 0.084402
3.14002 0.0837728
3.15002 0.0831497
3.16002 0.0825328
3.17002 0.081922
3.18002 0.0813173
3.19002 0.0807186
3.20002 0.0801259
3.21002 0.0795392
3.22002 0.0789584
3.23002 0.0783835
3.24002 0.0778145
3.25002 0.0772513
3.26002 0.076694
3.27002 0.0761424
3.28002 0.0755965
3.29002 0.0750563
3.30002 0.0745219
3.31002 0.073993
3.32002 0.0734698
3.33002 0.0729521
3.34002 0.07244
3.35002 0.0719334
3.36002 0.0714322
3.37002 0.0709365
3.38002 0.0704462
3.39002 0.0699613
3.40002 0.0694817
3.41002 0.0690075
3.42002 0.0685385
3.43002 0.0680747
3.44002 0.0676161
3.45002 0.0671628
3.46002 0.0667145
3.47002 0.0662714
3.48002 0.0658333
3.49002 0.0654003
3.50002 0.0649723
3.51002 0.0645493
3.52002 0.0641312
3.53002 0.063718
3.54002 0.0633097
3.55002 0.0629063
3.56002 0.0625076
3.57002 0.0621137
3.58002 0.0617246
3.59002 0.0613402
3.60002 0.0609604
3.61002 0.0605853
3.62002 0.0602149
3.63002 0.0598489
3.64002 0.0594876
3.65002 0.0591307
3.66002 0.0587783
3.67002 0.0584304
3.68002 0.0580869
3.69002 0.0577478
3.70002 0.057413
3.71002 0.0570825
3.72002 0.0567563
3.73002 0.0564343
3.74002 0.0561166
3.75002 0.055803
3.76002 0.0554936
3.77002 0.0551883
3.78002 0.054887
3.79002 0.0545898
3.80002 0.0542967
3.81002 0.0540075
3.82002 0.0537222
3.83002 0.0534409
3.84002 0.0531635
3.85002 0.0528899
3.86002 0.0526201
3.87002 0.0523541
3.88002 0.0520918
3.89002 0.0518333
3.90002 0.0515784
3.91002 0.0513272
3.92002 0.0510796
3.93002 0.0508356
3.94002 0.0505951
3.95002 0.0503582
3.96002 0.0501247
3.97002 0.0498947
3.98002 0.0496681
3.99002 0.0494449
4.00002 0.049225
4.01002 0.0490085
4.02002 0.0487952
4.03002 0.0485852
4.04002 0.0483784
4.05002 0.0481748
4.06002 0.0479743
4.07002 0.047777
4.08002 0.0475827
4.09002 0.0473915
4.10002 0.0472033
4.11002 0.0470181
4.12002 0.0468359
4.13002 0.0466565
4.14002 0.0464801
4.15002 0.0463065
4.16002 0.0461357
4.17002 0.0459677
4.18002 0.0458025
4.19002 0.04564
4.20002 0.0454801
4.21002 0.0453229
4.22002 0.0451684
4.23002 0.0450164
4.24002 0.044867
4.25002 0.0447201
4.26002 0.0445757
4.27002 0.0444338
4.28002 0.0442942
4.29002 0.0441571
4.30002 0.0440223
4.31002 0.0438898
4.32002 0.0437597
4.33002 0.0436317
4.34002 0.043506
4.35002 0.0433825
4.36002 0.0432612
4.37002 0.043142
4.38002 0.0430248
4.39002 0.0429097
4.40002 0.0427967
4.41003 0.0426856
4.42003 0.0425765
4.43003 0.0424693
4.44003 0.042364
4.45003 0.0422606
4.46003 0.0421589
4.47003 0.0420591
4.48003 0.0419611
4.49003 0.0418647
4.50003 0.0417701
4.51003 0.0416771
4.52003 0.0415857
4.53003 0.0414959
4.54003 0.0414077
4.55003 0.041321
4.56003 0.0412358
4.57003 0.0411521
4.58003 0.0410698
4.59003 0.0409889
4.60003 0.0409093
4.61003 0.0408311
4.62003 0.0407541
4.63003 0.0406785
4.64003 0.040604
4.65003 0.0405308
4.66003 0.0404587
4.67003 0.0403877
4.68003 0.0403178
4.69003 0.040249
4.70003 0.0401812
4.71003 0.0401144
4.72003 0.0400486
4.73003 0.0399837
4.74003 0.0399197
4.75003 0.0398566
4.76003 0.0397943
4.77003 0.0397328
4.78003 0.039672
4.79003 0.039612
4.80003 0.0395527
4.81003 0.039494
4.82003 0.039436
4.83003 0.0393785
4.84003 0.0393217
4.85004 0.0392653
4.86004 0.0392095
4.87004 0.0391541
4.88004 0.0390991
4.89004 0.0390446
4.90004 0.0389904
4.91004 0.0389366
4.92004 0.038883
4.93004 0.0388297
4.94004 0.0387767
4.95004 0.0387238
4.96004 0.0386711
4.97004 0.0386185
4.98004 0.0385661
4.99004 0.0385137
5.00004 0.0384613

-5 -320.163
-4.99 -319.19
-4.98 -318.218
-4.97 -317.249
-4.96 -316.281
-4.95 -315.316
-4.94 -314.352
-4.93 -313.39
-4.92 -312.43
-4.91 -311.472
-4.9 -310.517
-4.89 -309.563
-4.88 -308.611
-4.87 -307.66
-4.86 -306.712
-4.85 -305.766
-4.84 -304.822
-4.83 -303.88
-4.82 -302.939
-4.81 -302.001
-4.8 -301.064
-4.79 -300.129
-4.77999 -299.197
-4.76999 -298.266
-4.75999 -297.337
-4.74999 -296.41
-4.73999 -295.485
-4.72999 -294.562
-4.71999 -293.641
-4.70999 -292.721
-4.69999 -291.804
-4.68999 -290.888
-4.67999 -289.975
-4.66999 -289.063
-4.65999 -288.153
-4.64999 -287.245
-4.63999 -286.339
-4.62999 -285.435
-4.61999 -284.533
-4.60999 -283.633
-4.59999 -282.734
-4.58999 -281.838
-4.57999 -280.943
-4.56999 -280.05
-4.55999 -279.159
-4.54999 -278.27
-4.53999 -277.383
-4.52999 -276.498
-4.51999 -275.614
-4.50999 -274.733
-4.49999 -273.853
-4.48999 -272.975
-4.47999 -272.099
-4.46999 -271.225
-4.45999 -270.353
-4.44999 -269.482
-4.43999 -268.614
-4.42999 -267.747
-4.41999 -266.882
-4.40999 -266.019
-4.39999 -265.158
-4.38999 -264.299
-4.37999 -263.441
-4.36999 -262.586
-4.35999 -261.732
-4.34999 -260.88
-4.33998 -260.03
-4.32998 -259.182
-4.31998 -258.335
-4.30998 -257.491
-4.29998 -256.648
-4.28998 -255.807
-4.27998 -254.968
-4.26998 -254.13
-4.25998 -253.295
-4.24998 -252.461
-4.23998 -251.629
-4.22998 -250.799
-4.21998 -249.971
-4.20998 -249.145
-4.19998 -248.32
-4.18998 -247.497
-4.17998 -246.676
-4.16998 -245.857
-4.15998 -245.04
-4.14998 -244.224
-4.13998 -243.41
-4.12998 -242.598
-4.11998 -241.788
-4.10998 -240.979
-4.09998 -240.173
-4.08998 -239.368
-4.07998 -238.565
-4.06998 -237.764
-4.05998 -236.964
-4.04998 -236.166
-4.03998 -235.37
-4.02998 -234.576
-4.01998 -233.784
-4.00998 -232.993
-3.99998 -232.204
-3.98998 -231.417
-3.97998 -230.632
-3.96998 -229.848
-3.95998 -229.066
-3.94998 -228.286
-3.93998 -227.508
-3.92998 -226.732
-3.91998 -225.957
-3.90998 -225.184
-3.89998 -224.413
-3.88998 -223.643
-3.87998 -222.875
-3.86998 -222.109
-3.85998 -221.345
-3.84998 -220.582
-3.83998 -219.821
-3.82998 -219.062
-3.81998 -218.305
-3.80998 -217.549
-3.79998 -216.795
-3.78998 -216.043
-3.77998 -215.293
-3.76998 -214.544
-3.75998 -213.797
-3.74998 -213.052
-3.73998 -212.308
-3.72998 -211.566
-3.71998 -210.826
-3.70998 -210.088
-3.69998 -209.351
-3.68998 -208.616
-3.67998 -207.883
-3.66998 -207.151
-3.65998 -206.421
-3.64998 -205.693
-3.63998 -204.967
-3.62998 -204.242
-3.61998 -203.519
-3.60998 -202.797
-3.59998 -202.077
-3.58998 -201.359
-3.57998 -200.643
-3.56998 -199.928
-3.55998 -199.215
-3.54998 -198.504
-3.53998 -197.795
-3.52998 -197.087
-3.51998 -196.38
-3.50998 -195.676
-3.49998 -194.973
-3.48998 -194.271
-3.47998 -193.572
-3.46998 -192.874
-3.45998 -192.178
-3.44998 -191.483
-3.43998 -190.79
-3.42998 -190.099
-3.41998 -189.409
-3.40998 -188.721
-3.39998 -188.035
-3.38998 -187.35
-3.37998 -186.667
-3.36998 -185.986
-3.35998 -185.306
-3.34998 -184.628
-3.33998 -183.951
-3.32998 -183.276
-3.31998 -182.603
-3.30998 -181.932
-3.29998 -181.262
-3.28998 -180.593
-3.27998 -179.927
-3.26998 -179.262
-3.25998 -178.598
-3.24998 -177.936
-3.23998 -177.276
-3.22998 -176.618
-3.21998 -175.961
-3.20998 -175.305
-3.19998 -174.651
-3.18998 -173.999
-3.17998 -173.349
-3.16998 -172.7
-3.15998 -172.052
-3.14998 -171.407
-3.13998 -170.763
-3.12998 -170.12
-3.11998 -169.479
-3.10998 -168.84
-3.09998 -168.202
-3.08998 -167.566
-3.07998 -166.931
-3.06998 -166.298
-3.05998 -165.667
-3.04998 -165.037
-3.03998 -164.409
-3.02998 -163.782
-3.01998 -163.157
-3.00998 -162.534
-2.99998 -161.912
-2.98998 -161.291
-2.97998 -160.673
-2.96998 -160.055
-2.95998 -159.44
-2.94998 -158.826
-2.93998 -158.213
-2.92998 -157.602
-2.91998 -156.993
-2.90998 -156.385
-2.89998 -155.779
-2.88998 -155.174
-2.87998 -154.571
-2.86998 -153.969
-2.85998 -153.369
-2.84998 -152.77
-2.83998 -152.173
-2.82998 -151.578
-2.81998 -150.984
-2.80998 -150.391
-2.79998 -149.8
-2.78998 -149.211
-2.77998 -148.623
-2.76998 -148.037
-2.75998 -147.452
-2.74998 -146.869
-2.73998 -146.287
-2.72998 -145.707
-2.71998 -145.128
-2.70998 -144.551
-2.69998 -143.975
-2.68998 -143.401
-2.67998 -142.828
-2.66998 -142.257
-2.65998 -141.688
-2.64998 -141.119
-2.63998 -140.553
-2.62998 -139.988
-2.61998 -139.424
-2.60998 -138.862
-2.59998 -138.301
-2.58998 -137.742
-2.57998 -137.184
-2.56998 -136.628
-2.55998 -136.073
-2.54998 -135.52
-2.53998 -134.969
-2.52998 -134.418
-2.51998 -133.869
-2.50998 -133.322
-2.49998 -132.776
-2.48998 -132.232
-2.47998 -131.689
-2.46998 -131.148
-2.45998 -130.608
-2.44998 -130.069
-2.43998 -129.532
-2.42998 -128.997
-2.41998 -128.463
-2.40998 -127.93
-2.39998 -127.399
-2.38998 -126.869
-2.37998 -126.341
-2.36998 -125.814
-2.35998 -125.288
-2.34998 -124.764
-2.33998 -124.242
-2.32998 -123.721
-2.31998 -123.201
-2.30998 -122.683
-2.29998 -122.166
-2.28998 -121.651
-2.27998 -121.137
-2.26998 -120.625
-2.25998 -120.114
-2.24998 -119.604
-2.23998 -119.096
-2.22998 -118.589
-2.21998 -118.084
-2.20998 -117.58
-2.19998 -117.077
-2.18998 -116.576
-2.17998 -116.076
-2.16998 -115.578
-2.15998 -115.081
-2.14998 -114.586
-2.13998 -114.092
-2.12998 -113.599
-2.11998 -113.108
-2.10998 -112.618
-2.09998 -112.129
-2.08998 -111.642
-2.07998 -111.157
-2.06998 -110.672
-2.05998 -110.189
-2.04998 -109.708
-2.03998 -109.228
-2.02998 -108.749
-2.01998 -108.272
-2.00998 -107.796
-1.99998 -107.321
-1.98998 -106.848
-1.97998 -106.376
-1.96998 -105.905
-1.95998 -105.436
-1.94998 -104.968
-1.93998 -104.502
-1.92998 -104.037
-1.91998 -103.573
-1.90998 -103.111
-1.89998 -102.65
-1.88998 -102.19
-1.87998 -101.732
-1.86998 -101.275
-1.85998 -100.819
-1.84998 -100.365
-1.83998 -99.9123
-1.82998 -99.4608
-1.81998 -99.0106
-1.80998 -98.5617
-1.79998 -98.1142
-1.78998 -97.668
-1.77998 -97.2232
-1.76998 -96.7796
-1.75998 -96.3374
-1.74998 -95.8966
-1.73998 -95.457
-1.72998 -95.0188
-1.71998 -94.5819
-1.70998 -94.1463
-1.69998 -93.712
-1.68998 -93.2791
-1.67998 -92.8474
-1.66998 -92.4171
-1.65998 -91.9881
-1.64998 -91.5604
-1.63998 -91.134
-1.62998 -90.7089
-1.61998 -90.2851
-1.60998 -89.8626
-1.59998 -89.4413
-1.58998 -89.0214
-1.57998 -88.6028
-1.56998 -88.1855
-1.55998 -87.7694
-1.54998 -87.3547
-1.53998 -86.9412
-1.52998 -86.5291
-1.51998 -86.1182
-1.50998 -85.7086
-1.49998 -85.3002
-1.48998 -84.8931
-1.47998 -84.4873
-1.46998 -84.0828
-1.45998 -83.6796
-1.44998 -83.2776
-1.43998 -82.8769
-1.42998 -82.4774
-1.41998 -82.0792
-1.40998 -81.6823
-1.39998 -81.2866
-1.38998 -80.8922
-1.37998 -80.4991
-1.36998 -80.1072
-1.35998 -79.7165
-1.34998 -79.3271
-1.33998 -78.9389
-1.32998 -78.552
-1.31998 -78.1663
-1.30998 -77.7819
-1.29998 -77.3987
-1.28998 -77.0167
-1.27998 -76.636
-1.26998 -76.2565
-1.25998 -75.8782
-1.24998 -75.5012
-1.23998 -75.1254
-1.22998 -74.7508
-1.21998 -74.3774
-1.20998 -74.0053
-1.19998 -73.6344
-1.18998 -73.2647
-1.17998 -72.8962
-1.16998 -72.5289
-1.15998 -72.1628
-1.14998 -71.798
-1.13998 -71.4343
-1.12998 -71.0719
-1.11998 -70.7106
-1.10998 -70.3506
-1.09998 -69.9918
-1.08998 -69.6341
-1.07998 -69.2777
-1.06998 -68.9224
-1.05998 -68.5684
-1.04998 -68.2155
-1.03998 -67.8638
-1.02998 -67.5133
-1.01998 -67.164
-1.00998 -66.8158
-0.99998 -66.4689
-0.98998 -66.1231
-0.97998 -65.7785
-0.96998 -65.4351
-0.95998 -65.0928
-0.94998 -64.7517
-0.93998 -64.4118
-0.92998 -64.073
-0.91998 -63.7354
-0.90998 -63.399
-0.89998 -63.0637
-0.88998 -62.7296
-0.87998 -62.3967
-0.86998 -62.0649
-0.85998 -61.7342
-0.84998 -61.4047
-0.83998 -61.0764
-0.82998 -60.7492
-0.81998 -60.4231
-0.80998 -60.0982
-0.79998 -59.7744
-0.78998 -59.4518
-0.77998 -59.1303
-0.76998 -58.8099
-0.75998 -58.4906
-0.74998 -58.1726
-0.73998 -57.8556
-0.72998 -57.5397
-0.71998 -57.225
-0.70998 -56.9114
-0.69998 -56.5989
-0.689981 -56.2875
-0.679981 -55.9773
-0.669981 -55.6682
-0.659981 -55.3602
-0.649981 -55.0532
-0.639981 -54.7474
-0.629981 -54.4427
-0.619981 -54.1392
-0.609981 -53.8367
-0.599981 -53.5353
-0.589981 -53.235
-0.579981 -52.9358
-0.569981 -52.6377
-0.559981 -52.3407
-0.549981 -52.0448
-0.539981 -51.75
-0.529981 -51.4563
-0.519981 -51.1636
-0.509981 -50.8721
-0.499981 -50.5816
-0.489981 -50.2922
-0.479981 -50.0038
-0.469981 -49.7166
-0.459981 -49.4304
-0.449981 -49.1453
-0.439981 -48.8613
-0.429981 -48.5783
-0.419981 -48.2964
-0.409981 -48.0156
-0.399981 -47.7358
-0.389981 -47.4571
-0.379981 -47.1795
-0.369981 -46.9028
-0.359981 -46.6273
-0.349981 -46.3528
-0.339981 -46.0794
-0.329981 -45.807
-0.319981 -45.5356
-0.309981 -45.2653
-0.299981 -44.996
-0.289981 -44.7278
-0.279981 -44.4606
-0.269981 -44.1945
-0.259981 -43.9294
-0.249981 -43.6653
-0.239981 -43.4022
-0.229981 -43.1402
-0.219981 -42.8792
-0.209981 -42.6192
-0.199981 -42.3603
-0.189981 -42.1024
-0.179981 -41.8454
-0.169981 -41.5895
-0.159981 -41.3347
-0.149981 -41.0808
-0.139981 -40.8279
-0.129981 -40.5761
-0.119981 -40.3252
-0.109981 -40.0754
-0.0999809 -39.8266
-0.0899809 -39.5788
-0.0799809 -39.3319
-0.0699809 -39.0861
-0.0599809 -38.8412
-0.0499809 -38.5974
-0.0399809 -38.3545
-0.0299809 -38.1127
-0.0199809 -37.8718
-0.00998086 -37.6319
1.91445e-05 -37.393
0.0100191 -37.155
0.0200191 -36.9181
0.0300191 -36.6821
0.0400191 -36.4471
0.0500191 -36.2131
0.0600191 -35.9801
0.0700191 -35.748
0.0800191 -35.5169
0.0900191 -35.2867
0.100019 -35.0575
0.110019 -34.8293
0.120019 -34.602
0.130019 -34.3757
0.140019 -34.1504
0.150019 -33.926
0.160019 -33.7025
0.170019 -33.48
0.180019 -33.2585
0.190019 -33.0379
0.200019 -32.8182
0.210019 -32.5995
0.220019 -32.3817
0.230019 -32.1649
0.240019 -31.949
0.250019 -31.734
0.260019 -31.52
0.270019 -31.3069
0.280019 -31.0947
0.290019 -30.8835
0.300019 -30.6731
0.310019 -30.4637
0.320019 -30.2553
0.330019 -30.0477
0.340019 -29.841
0.350019 -29.6353
0.360019 -29.4305
0.370019 -29.2266
0.380019 -29.0236
0.390019 -28.8215
0.400019 -28.6203
0.410019 -28.42
0.420019 -28.2206
0.430019 -28.0222
0.440019 -27.8246
0.450019 -27.6279
0.460019 -27.4321
0.470019 -27.2372
0.480019 -27.0431
0.490019 -26.85
0.500019 -26.6577
0.510019 -26.4664
0.520019 -26.2759
0.530019 -26.0863
0.540019 -25.8976
0.550019 -25.7097
0.560019 -25.5227
0.570019 -25.3366
0.580019 -25.1514
0.590019 -24.967
0.600019 -24.7835
0.610019 -24.6009
0.620019 -24.4191
0.630019 -24.2382
0.640019 -24.0581
0.650019 -23.8789
0.660019 -23.7006
0.670019 -23.5231
0.680019 -23.3464
0.690019 -23.1706
0.700019 -22.9956
0.710019 -22.8215
0.720019 -22.6483
0.730019 -22.4758
0.740019 -22.3042
0.750019 -22.1335
0.760019 -21.9636
0.770019 -21.7945
0.780019 -21.6262
0.790019 -21.4588
0.800019 -21.2922
0.810019 -21.1264
0.820019 -20.9614
0.830019 -20.7973
0.840019 -20.634
0.850019 -20.4715
0.860019 -20.3098
0.870019 -20.1489
0.880019 -19.9888
0.890019 -19.8296
0.900019 -19.6711
0.910019 -19.5135
0.920019 -19.3566
0.930019 -19.2006
0.940019 -19.0453
0.950019 -18.8909
0.960019 -18.7373
0.970019 -18.5844
0.980018 -18.4323
0.990018 -18.281
1.00002 -18.1306
1.01002 -17.9808
1.02002 -17.8319
1.03002 -17.6838
1.04002 -17.5364
1.05002 -17.3898
1.06002 -17.244
1.07002 -17.099
1.08002 -16.9547
1.09002 -16.8112
1.10002 -16.6685
1.11002 -16.5265
1.12002 -16.3853
1.13002 -16.2449
1.14002 -16.1052
1.15002 -15.9663
1.16002 -15.8281
1.17002 -15.6907
1.18002 -15.554
1.19002 -15.4181
1.20002 -15.283
1.21002 -15.1486
1.22002 -15.0149
1.23002 -14.8819
1.24002 -14.7498
1.25002 -14.6183
1.26002 -14.4876
1.27002 -14.3576
1.28002 -14.2283
1.29002 -14.0998
1.30002 -13.972
1.31002 -13.845
1.32002 -13.7186
1.33002 -13.593
1.34002 -13.4681
1.35002 -13.3439
1.36002 -13.2204
1.37002 -13.0977
1.38002 -12.9757
1.39002 -12.8543
1.40002 -12.7337
1.41002 -12.6138
1.42002 -12.4946
1.43002 -12.3761
1.44002 -12.2583
1.45002 -12.1412
1.46002 -12.0248
1.47002 -11.909
1.48002 -11.794
1.49002 -11.6797
1.50002 -11.566
1.51002 -11.4531
1.52002 -11.3408
1.53002 -11.2292
1.54002 -11.1183
1.55002 -11.0081
1.56002 -10.8986
1.57002 -10.7897
1.58002 -10.6815
1.59002 -10.5739
1.60002 -10.4671
1.61002 -10.3609
1.62002 -10.2554
1.63002 -10.1505
1.64002 -10.0463
1.65002 -9.94275
1.66002 -9.83986
1.67002 -9.73763
1.68002 -9.63605
1.69002 -9.53513
1.70002 -9.43485
1.71002 -9.33522
1.72002 -9.23623
1.73002 -9.1379
1.74002 -9.0402
1.75002 -8.94314
1.76002 -8.84672
1.77002 -8.75094
1.78002 -8.65579
1.79002 -8.56127
1.80002 -8.46738
1.81002 -8.37412
1.82002 -8.28148
1.83002 -8.18948
1.84002 -8.09809
1.85002 -8.00732
1.86002 -7.91717
1.87002 -7.82764
1.88002 -7.73872
1.89002 -7.65042
1.90002 -7.56272
1.91002 -7.47563
1.92002 -7.38915
1.93002 -7.30328
1.94002 -7.218
1.95002 -7.13333
1.96002 -7.04925
1.97002 -6.96578
1.98002 -6.88289
1.99002 -6.8006
2.00002 -6.7189
2.01002 -6.63779
2.02002 -6.55727
2.03002 -6.47733
2.04002 -6.39797
2.05002 -6.31919
2.06002 -6.241
2.07002 -6.16338
2.08002 -6.08634
2.09002 -6.00986
2.10002 -5.93396
2.11002 -5.85863
2.12002 -5.78387
2.13002 -5.70967
2.14002 -5.63604
2.15002 -5.56296
2.16002 -5.49045
2.17002 -5.41849
2.18002 -5.34709
2.19002 -5.27624
2.20002 -5.20595
2.21002 -5.1362
2.22002 -5.067
2.23002 -4.99835
2.24002 -4.93024
2.25002 -4.86267
2.26002 -4.79564
2.27002 -4.72915
2.28002 -4.66319
2.29002 -4.59777
2.30002 -4.53288
2.31002 -4.46852
2.32002 -4.40469
2.33002 -4.34139
2.34002 -4.2786
2.35002 -4.21634
2.36002 -4.1546
2.37002 -4.09338
2.38002 -4.03268
2.39002 -3.97249
2.40002 -3.91281
2.41002 -3.85364
2.42002 -3.79498
2.43002 -3.73683
2.44002 -3.67918
2.45002 -3.62203
2.46002 -3.56539
2.47002 -3.50924
2.48002 -3.45359
2.49002 -3.39843
2.50002 -3.34377
2.51002 -3.2896
2.52002 -3.23591
2.53002 -3.18271
2.54002 -3.13
2.55002 -3.07777
2.56002 -3.02602
2.57002 -2.97475
2.58002 -2.92396
2.59002 -2.87364
2.60002 -2.82379
2.61002 -2.77442
2.62002 -2.72552
2.63002 -2.67708
2.64002 -2.6291
2.65002 -2.58159
2.66002 -2.53455
2.67002 -2.48796
2.68002 -2.44182
2.69002 -2.39615
2.70002 -2.35092
2.71002 -2.30615
2.72002 -2.26183
2.73002 -2.21796
2.74002 -2.17453
2.75002 -2.13154
2.76002 -2.089
2.77002 -2.04689
2.78002 -2.00523
2.79002 -1.96399
2.80002 -1.9232
2.81002 -1.88283
2.82002 -1.8429
2.83002 -1.80339
2.84002 -1.76431
2.85002 -1.72565
2.86002 -1.68741
2.87002 -1.6496
2.88002 -1.6122
2.89002 -1.57522
2.90002 -1.53865
2.91002 -1.50249
2.92002 -1.46675
2.93002 -1.43141
2.94002 -1.39648
2.95002 -1.36195
2.96002 -1.32783
2.97002 -1.2941
2.98002 -1.26078
2.99002 -1.22785
3.00002 -1.19532
3.01002 -1.16317
3.02002 -1.13142
3.03002 -1.10006
3.04002 -1.06908
3.05002 -1.03849
3.06002 -1.00828
3.07002 -0.978455
3.08002 -0.949006
3.09002 -0.919934
3.10002 -0.891237
3.11002 -0.862912
3.12002 -0.834959
3.13002 -0.807374
3.14002 -0.780157
3.15002 -0.753304
3.16002 -0.726815
3.17002 -0.700686
3.18002 -0.674917
3.19002 -0.649505
3.20002 -0.624449
3.21002 -0.599745
3.22002 -0.575393
3.23002 -0.551391
3.24002 -0.527735
3.25002 -0.504426
3.26002 -0.481459
3.27002 -0.458835
3.28002 -0.436549
3.29002 -0.414602
3.30002 -0.392989
3.31002 -0.371711
3.32002 -0.350764
3.33002 -0.330147
3.34002 -0.309858
3.35002 -0.289894
3.36002 -0.270255
3.37002 -0.250937
3.38002 -0.231939
3.39002 -0.213259
3.40002 -0.194895
3.41002 -0.176845
3.42002 -0.159108
3.43002 -0.14168
3.44002 -0.12456
3.45002 -0.107747
3.46002 -0.0912378
3.47002 -0.075031
3.48002 -0.0591244
3.49002 -0.043516
3.50002 -0.0282042
3.51002 -0.0131867
3.52002 0.00153852
3.53002 0.0159731
3.54002 0.0301191
3.55002 0.0439786
3.56002 0.0575536
3.57002 0.0708458
3.58002 0.0838575
3.59002 0.0965906
3.60002 0.109047
3.61002 0.121228
3.62002 0.133137
3.63002 0.144775
3.64002 0.156143
3.65002 0.167245
3.66002 0.178082
3.67002 0.188657
3.68002 0.198969
3.69002 0.209023
3.70002 0.21882
3.71002 0.228362
3.72002 0.23765
3.73002 0.246687
3.74002 0.255476
3.75002 0.264016
3.76002 0.272312
3.77002 0.280364
3.78002 0.288174
3.79002 0.295745
3.80002 0.303079
3.81002 0.310177
3.82002 0.317041
3.83002 0.323674
3.84002 0.330078
3.85002 0.336253
3.86002 0.342203
3.87002 0.34793
3.88002 0.353434
3.89002 0.358719
3.90002 0.363785
3.91002 0.368636
3.92002 0.373273
3.93002 0.377698
3.94002 0.381913
3.95002 0.38592
3.96002 0.389721
3.97002 0.393318
3.98002 0.396712
3.99002 0.399906
4.00002 0.402903
4.01002 0.405703
4.02002 0.408308
4.03002 0.410721
4.04002 0.412944
4.05002 0.414979
4.06002 0.416827
4.07002 0.41849
4.08002 0.419971
4.09002 0.421271
4.10002 0.422393
4.11002 0.423338
4.12002 0.424109
4.13002 0.424707
4.14002 0.425133
4.15002 0.425392
4.16002 0.425483
4.17002 0.425409
4.18002 0.425173
4.19002 0.424776
4.20002 0.424219
4.21002 0.423506
4.22002 0.422637
4.23002 0.421616
4.24002 0.420443
4.25002 0.419121
4.26002 0.417652
4.27002 0.416038
4.28002 0.41428
4.29002 0.412381
4.30002 0.410343
4.31002 0.408168
4.32002 0.405856
4.33002 0.403412
4.34002 0.400836
4.35002 0.39813
4.36002 0.395297
4.37002 0.392338
4.38002 0.389256
4.39002 0.386052
4.40002 0.382728
4.41003 0.379286
4.42003 0.375729
4.43003 0.372058
4.44003 0.368275
4.45003 0.364382
4.46003 0.360381
4.47003 0.356274
4.48003 0.352063
4.49003 0.34775
4.50003 0.343337
4.51003 0.338825
4.52003 0.334218
4.53003 0.329516
4.54003 0.324722
4.55003 0.319838
4.56003 0.314866
4.57003 0.309807
4.58003 0.304664
4.59003 0.299438
4.60003 0.294132
4.61003 0.288747
4.62003 0.283286
4.63003 0.27775
4.64003 0.272142
4.65003 0.266463
4.66003 0.260715
4.67003 0.2549
4.68003 0.249021
4.69003 0.243079
4.70003 0.237076
4.71003 0.231015
4.72003 0.224896
4.73003 0.218722
4.74003 0.212496
4.75003 0.206218
4.76003 0.199891
4.77003 0.193518
4.78003 0.187099
4.79003 0.180636
4.80003 0.174133
4.81003 0.167591
4.82003 0.161011
4.83003 0.154395
4.84003 0.147747
4.85004 0.141067
4.86004 0.134358
4.87004 0.127621
4.88004 0.120858
4.89004 0.114073
4.90004 0.107265
4.91004 0.100438
4.92004 0.0935931
4.93004 0.0867327
4.94004 0.0798585
4.95004 0.0729725
4.96004 0.0660767
4.97004 0.0591731
4.98004 0.0522636
4.99004 0.0453502
5.00004 0.0384348

-5 1525.51
-4.99 1520.93
-4.98 1516.36
-4.97 1511.8
-4.96 1507.24
-4.95 1502.7
-4.94 1498.17
-4.93 1493.64
-4.92 1489.13
-4.91 1484.62
-4.9 1480.12
-4.89 1475.64
-4.88 1471.16
-4.87 1466.69
-4.86 1462.23
-4.85 1457.78
-4.84 1453.33
-4.83 1448.9
-4.82 1444.47
-4.81 1440.06
-4.8 1435.65
-4.79 1431.25
-4.77999 1426.87
-4.76999 1422.49
-4.75999 1418.12
-4.74999 1413.75
-4.73999 1409.4
-4.72999 1405.06
-4.71999 1400.72
-4.70999 1396.4
-4.69999 1392.08
-4.68999 1387.77
-4.67999 1383.47
-4.66999 1379.18
-4.65999 1374.9
-4.64999 1370.63
-4.63999 1366.36
-4.62999 1362.11
-4.61999 1357.86
-4.60999 1353.62
-4.59999 1349.4
-4.58999 1345.18
-4.57999 1340.96
-4.56999 1336.76
-4.55999 1332.57
-4.54999 1328.38
-4.53999 1324.21
-4.52999 1320.04
-4.51999 1315.88
-4.50999 1311.73
-4.49999 1307.59
-4.48999 1303.46
-4.47999 1299.34
-4.46999 1295.22
-4.45999 1291.12
-4.44999 1287.02
-4.43999 1282.93
-4.42999 1278.85
-4.41999 1274.78
-4.40999 1270.72
-4.39999 1266.66
-4.38999 1262.62
-4.37999 1258.58
-4.36999 1254.55
-4.35999 1250.53
-4.34999 1246.52
-4.33998 1242.52
-4.32998 1238.52
-4.31998 1234.54
-4.30998 1230.56
-4.29998 1226.59
-4.28998 1222.63
-4.27998 1218.68
-4.26998 1214.74
-4.25998 1210.81
-4.24998 1206.88
-4.23998 1202.96
-4.22998 1199.05
-4.21998 1195.15
-4.20998 1191.26
-4.19998 1187.38
-4.18998 1183.5
-4.17998 1179.64
-4.16998 1175.78
-4.15998 1171.93
-4.14998 1168.09
-4.13998 1164.26
-4.12998 1160.43
-4.11998 1156.61
-4.10998 1152.81
-4.09998 1149.01
-4.08998 1145.22
-4.07998 1141.43
-4.06998 1137.66
-4.05998 1133.89
-4.04998 1130.14
-4.03998 1126.39
-4.02998 1122.64
-4.01998 1118.91
-4.00998 1115.19
-3.99998 1111.47
-3.98998 1107.76
-3.97998 1104.06
-3.96998 1100.37
-3.95998 1096.69
-3.94998 1093.01
-3.93998 1089.35
-3.92998 1085.69
-3.91998 1082.04
-3.90998 1078.4
-3.89998 1074.76
-3.88998 1071.14
-3.87998 1067.52
-3.86998 1063.91
-3.85998 1060.31
-3.84998 1056.71
-3.83998 1053.13
-3.82998 1049.55
-3.81998 1045.98
-3.80998 1042.42
-3.79998 1038.87
-3.78998 1035.32
-3.77998 1031.79
-3.76998 1028.26
-3.75998 1024.74
-3.74998 1021.23
-3.73998 1017.72
-3.72998 1014.22
-3.71998 1010.74
-3.70998 1007.26
-3.69998 1003.78
-3.68998 1000.32
-3.67998 996.862
-3.66998 993.414
-3.65998 989.973
-3.64998 986.54
-3.63998 983.116
-3.62998 979.699
-3.61998 976.29
-3.60998 972.889
-3.59998 969.496
-3.58998 966.111
-3.57998 962.733
-3.56998 959.364
-3.55998 956.002
-3.54998 952.649
-3.53998 949.303
-3.52998 945.965
-3.51998 942.634
-3.50998 939.312
-3.49998 935.998
-3.48998 932.691
-3.47998 929.392
-3.46998 926.101
-3.45998 922.817
-3.44998 919.541
-3.43998 916.273
-3.42998 913.013
-3.41998 909.761
-3.40998 906.516
-3.39998 903.279
-3.38998 900.05
-3.37998 896.828
-3.36998 893.614
-3.35998 890.408
-3.34998 887.209
-3.33998 884.018
-3.32998 880.835
-3.31998 877.659
-3.30998 874.492
-3.29998 871.331
-3.28998 868.178
-3.27998 865.033
-3.26998 861.896
-3.25998 858.766
-3.24998 855.643
-3.23998 852.528
-3.22998 849.421
-3.21998 846.322
-3.20998 843.229
-3.19998 840.145
-3.18998 837.067
-3.17998 833.998
-3.16998 830.936
-3.15998 827.881
-3.14998 824.834
-3.13998 821.795
-3.12998 818.762
-3.11998 815.738
-3.10998 812.72
-3.09998 809.711
-3.08998 806.708
-3.07998 803.713
-3.06998 800.726
-3.05998 797.746
-3.04998 794.773
-3.03998 791.808
-3.02998 788.849
-3.01998 785.899
-3.00998 782.956
-2.99998 780.02
-2.98998 777.091
-2.97998 774.17
-2.96998 771.256
-2.95998 768.349
-2.94998 765.45
-2.93998 762.558
-2.92998 759.674
-2.91998 756.796
-2.90998 753.926
-2.89998 751.063
-2.88998 748.207
-2.87998 745.359
-2.86998 742.518
-2.85998 739.684
-2.84998 736.857
-2.83998 734.037
-2.82998 731.225
-2.81998 728.42
-2.80998 725.622
-2.79998 722.831
-2.78998 720.047
-2.77998 717.271
-2.76998 714.501
-2.75998 711.739
-2.74998 708.984
-2.73998 706.236
-2.72998 703.495
-2.71998 700.761
-2.70998 698.034
-2.69998 695.314
-2.68998 692.602
-2.67998 689.896
-2.66998 687.198
-2.65998 684.506
-2.64998 681.822
-2.63998 679.144
-2.62998 676.474
-2.61998 673.81
-2.60998 671.154
-2.59998 668.504
-2.58998 665.862
-2.57998 663.226
-2.56998 660.598
-2.55998 657.976
-2.54998 655.361
-2.53998 652.754
-2.52998 650.153
-2.51998 647.559
-2.50998 644.972
-2.49998 642.392
-2.48998 639.818
-2.47998 637.252
-2.46998 634.692
-2.45998 632.14
-2.44998 629.594
-2.43998 627.055
-2.42998 624.523
-2.41998 621.997
-2.40998 619.479
-2.39998 616.967
-2.38998 614.462
-2.37998 611.964
-2.36998 609.472
-2.35998 606.988
-2.34998 604.51
-2.33998 602.039
-2.32998 599.574
-2.31998 597.116
-2.30998 594.665
-2.29998 592.221
-2.28998 589.784
-2.27998 587.353
-2.26998 584.928
-2.25998 582.511
-2.24998 580.1
-2.23998 577.696
-2.22998 575.298
-2.21998 572.907
-2.20998 570.523
-2.19998 568.145
-2.18998 565.774
-2.17998 563.41
-2.16998 561.052
-2.15998 558.7
-2.14998 556.355
-2.13998 554.017
-2.12998 551.686
-2.11998 549.36
-2.10998 547.042
-2.09998 544.73
-2.08998 542.424
-2.07998 540.125
-2.06998 537.833
-2.05998 535.547
-2.04998 533.267
-2.03998 530.994
-2.02998 528.727
-2.01998 526.467
-2.00998 524.213
-1.99998 521.966
-1.98998 519.725
-1.97998 517.49
-1.96998 515.262
-1.95998 513.04
-1.94998 510.825
-1.93998 508.616
-1.92998 506.414
-1.91998 504.217
-1.90998 502.027
-1.89998 499.844
-1.88998 497.667
-1.87998 495.496
-1.86998 493.331
-1.85998 491.173
-1.84998 489.021
-1.83998 486.875
-1.82998 484.736
-1.81998 482.603
-1.80998 480.476
-1.79998 478.355
-1.78998 476.241
-1.77998 474.133
-1.76998 472.031
-1.75998 469.935
-1.74998 467.845
-1.73998 465.762
-1.72998 463.685
-1.71998 461.614
-1.70998 459.549
-1.69998 457.49
-1.68998 455.438
-1.67998 453.391
-1.66998 451.351
-1.65998 449.317
-1.64998 447.289
-1.63998 445.267
-1.62998 443.251
-1.61998 441.242
-1.60998 439.238
-1.59998 437.24
-1.58998 435.249
-1.57998 433.263
-1.56998 431.284
-1.55998 429.31
-1.54998 427.343
-1.53998 425.381
-1.52998 423.426
-1.51998 421.476
-1.50998 419.533
-1.49998 417.596
-1.48998 415.664
-1.47998 413.738
-1.46998 411.819
-1.45998 409.905
-1.44998 407.997
-1.43998 406.096
-1.42998 404.2
-1.41998 402.31
-1.40998 400.426
-1.39998 398.547
-1.38998 396.675
-1.37998 394.808
-1.36998 392.948
-1.35998 391.093
-1.34998 389.244
-1.33998 387.401
-1.32998 385.563
-1.31998 383.732
-1.30998 381.906
-1.29998 380.086
-1.28998 378.272
-1.27998 376.464
-1.26998 374.661
-1.25998 372.864
-1.24998 371.073
-1.23998 369.288
-1.22998 367.508
-1.21998 365.734
-1.20998 363.966
-1.19998 362.203
-1.18998 360.446
-1.17998 358.695
-1.16998 356.949
-1.15998 355.21
-1.14998 353.475
-1.13998 351.747
-1.12998 350.024
-1.11998 348.307
-1.10998 346.595
-1.09998 344.889
-1.08998 343.188
-1.07998 341.493
-1.06998 339.804
-1.05998 338.12
-1.04998 336.442
-1.03998 334.769
-1.02998 333.102
-1.01998 331.441
-1.00998 329.785
-0.99998 328.134
-0.98998 326.489
-0.97998 324.85
-0.96998 323.216
-0.95998 321.587
-0.94998 319.964
-0.93998 318.346
-0.92998 316.734
-0.91998 315.127
-0.90998 313.526
-0.89998 311.93
-0.88998 310.34
-0.87998 308.754
-0.86998 307.175
-0.85998 305.601
-0.84998 304.032
-0.83998 302.468
-0.82998 300.91
-0.81998 299.357
-0.80998 297.809
-0.79998 296.267
-0.78998 294.73
-0.77998 293.199
-0.76998 291.673
-0.75998 290.152
-0.74998 288.636
-0.73998 287.126
-0.72998 285.62
-0.71998 284.121
-0.70998 282.626
-0.69998 281.137
-0.689981 279.652
-0.679981 278.173
-0.669981 276.7
-0.659981 275.231
-0.649981 273.768
-0.639981 272.31
-0.629981 270.857
-0.619981 269.409
-0.609981 267.966
-0.599981 266.529
-0.589981 265.096
-0.579981 263.669
-0.569981 262.247
-0.559981 260.83
-0.549981 259.418
-0.539981 258.011
-0.529981 256.61
-0.519981 255.213
-0.509981 253.821
-0.499981 252.435
-0.489981 251.053
-0.479981 249.677
-0.469981 248.305
-0.459981 246.939
-0.449981 245.578
-0.439981 244.221
-0.429981 242.87
-0.419981 241.523
-0.409981 240.182
-0.399981 238.845
-0.389981 237.514
-0.379981 236.187
-0.369981 234.866
-0.359981 233.549
-0.349981 232.237
-0.339981 230.93
-0.329981 229.628
-0.319981 228.331
-0.309981 227.039
-0.299981 225.752
-0.289981 224.469
-0.279981 223.191
-0.269981 221.919
-0.259981 220.651
-0.249981 219.388
-0.239981 218.129
-0.229981 216.876
-0.219981 215.627
-0.209981 214.383
-0.199981 213.144
-0.189981 211.91
-0.179981 210.68
-0.169981 209.455
-0.159981 208.235
-0.149981 207.02
-0.139981 205.809
-0.129981 204.603
-0.119981 203.402
-0.109981 202.205
-0.0999809 201.013
-0.0899809 199.826
-0.0799809 198.644
-0.0699809 197.466
-0.0599809 196.293
-0.0499809 195.124
-0.0399809 193.96
-0.0299809 192.801
-0.0199809 191.646
-0.00998086 190.496
1.91445e-05 189.351
0.0100191 188.21
0.0200191 187.073
0.0300191 185.942
0.0400191 184.814
0.0500191 183.692
0.0600191 182.574
0.0700191 181.46
0.0800191 180.351
0.0900191 179.247
0.100019 178.147
0.110019 177.051
0.120019 175.96
0.130019 174.874
0.140019 173.791
0.150019 172.714
0.160019 171.641
0.170019 170.572
0.180019 169.508
0.190019 168.448
0.200019 167.392
0.210019 166.341
0.220019 165.294
0.230019 164.252
0.240019 163.214
0.250019 162.181
0.260019 161.152
0.270019 160.127
0.280019 159.106
0.290019 158.09
0.300019 157.078
0.310019 156.071
0.320019 155.067
0.330019 154.069
0.340019 153.074
0.350019 152.084
0.360019 151.097
0.370019 150.116
0.380019 149.138
0.390019 148.165
0.400019 147.195
0.410019 146.231
0.420019 145.27
0.430019 144.313
0.440019 143.361
0.450019 142.413
0.460019 141.469
0.470019 140.529
0.480019 139.594
0.490019 138.662
0.500019 137.735
0.510019 136.811
0.520019 135.892
0.530019 134.977
0.540019 134.067
0.550019 133.16
0.560019 132.257
0.570019 131.358
0.580019 130.464
0.590019 129.573
0.600019 128.687
0.610019 127.804
0.620019 126.926
0.630019 126.052
0.640019 125.181
0.650019 124.315
0.660019 123.452
0.670019 122.594
0.680019 121.74
0.690019 120.889
0.700019 120.043
0.710019 119.2
0.720019 118.361
0.730019 117.527
0.740019 116.696
0.750019 115.869
0.760019 115.046
0.770019 114.227
0.780019 113.412
0.790019 112.6
0.800019 111.793
0.810019 110.989
0.820019 110.189
0.830019 109.394
0.840019 108.601
0.850019 107.813
0.860019 107.029
0.870019 106.248
0.880019 105.471
0.890019 104.698
0.900019 103.929
0.910019 103.163
0.920019 102.401
0.930019 101.643
0.940019 100.889
0.950019 100.138
0.960019 99.391
0.970019 98.6479
0.980018 97.9083
0.990018 97.1725
1.00002 96.4403
1.01002 95.7118
1.02002 94.987
1.03002 94.2659
1.04002 93.5483
1.05002 92.8344
1.06002 92.1241
1.07002 91.4175
1.08002 90.7144
1.09002 90.015
1.10002 89.3191
1.11002 88.6268
1.12002 87.9381
1.13002 87.2529
1.14002 86.5713
1.15002 85.8933
1.16002 85.2187
1.17002 84.5477
1.18002 83.8802
1.19002 83.2162
1.20002 82.5557
1.21002 81.8987
1.22002 81.2451
1.23002 80.5951
1.24002 79.9485
1.25002 79.3053
1.26002 78.6656
1.27002 78.0293
1.28002 77.3964
1.29002 76.767
1.30002 76.1409
1.31002 75.5183
1.32002 74.899
1.33002 74.2831
1.34002 73.6706
1.35002 73.0614
1.36002 72.4556
1.37002 71.8531
1.38002 71.254
1.39002 70.6581
1.40002 70.0656
1.41002 69.4764
1.42002 68.8905
1.43002 68.3079
1.44002 67.7285
1.45002 67.1524
1.46002 66.5796
1.47002 66.01
1.48002 65.4436
1.49002 64.8805
1.50002 64.3206
1.51002 63.7639
1.52002 63.2104
1.53002 62.6601
1.54002 62.113
1.55002 61.5691
1.56002 61.0283
1.57002 60.4907
1.58002 59.9562
1.59002 59.4249
1.60002 58.8967
1.61002 58.3716
1.62002 57.8496
1.63002 57.3308
1.64002 56.815
1.65002 56.3023
1.66002 55.7927
1.67002 55.2861
1.68002 54.7826
1.69002 54.2821
1.70002 53.7847
1.71002 53.2903
1.72002 52.7989
1.73002 52.3106
1.74002 51.8252
1.75002 51.3428
1.76002 50.8634
1.77002 50.387
1.78002 49.9136
1.79002 49.4431
1.80002 48.9755
1.81002 48.5109
1.82002 48.0492
1.83002 47.5904
1.84002 47.1345
1.85002 46.6816
1.86002 46.2315
1.87002 45.7843
1.88002 45.34
1.89002 44.8985
1.90002 44.4599
1.91002 44.0241
1.92002 43.5912
1.93002 43.1611
1.94002 42.7338
1.95002 42.3093
1.96002 41.8876
1.97002 41.4687
1.98002 41.0526
1.99002 40.6393
2.00002 40.2287
2.01002 39.8208
2.02002 39.4158
2.03002 39.0134
2.04002 38.6138
2.05002 38.2169
2.06002 37.8227
2.07002 37.4311
2.08002 37.0423
2.09002 36.6562
2.10002 36.2727
2.11002 35.8919
2.12002 35.5137
2.13002 35.1382
2.14002 34.7653
2.15002 34.3951
2.16002 34.0274
2.17002 33.6624
2.18002 33.2999
2.19002 32.9401
2.20002 32.5828
2.21002 32.2281
2.22002 31.8759
2.23002 31.5263
2.24002 31.1793
2.25002 30.8348
2.26002 30.4928
2.27002 30.1533
2.28002 29.8163
2.29002 29.4818
2.30002 29.1498
2.31002 28.8203
2.32002 28.4932
2.33002 28.1686
2.34002 27.8465
2.35002 27.5268
2.36002 27.2095
2.37002 26.8946
2.38002 26.5822
2.39002 26.2721
2.40002 25.9645
2.41002 25.6592
2.42002 25.3563
2.43002 25.0558
2.44002 24.7577
2.45002 24.4619
2.46002 24.1684
2.47002 23.8773
2.48002 23.5884
2.49002 23.3019
2.50002 23.0177
2.51002 22.7358
2.52002 22.4562
2.53002 22.1789
2.54002 21.9038
2.55002 21.6309
2.56002 21.3604
2.57002 21.092
2.58002 20.8259
2.59002 20.562
2.60002 20.3003
2.61002 20.0409
2.62002 19.7836
2.63002 19.5285
2.64002 19.2756
2.65002 19.0248
2.66002 18.7762
2.67002 18.5297
2.68002 18.2854
2.69002 18.0432
2.70002 17.8031
2.71002 17.5652
2.72002 17.3293
2.73002 17.0955
2.74002 16.8639
2.75002 16.6342
2.76002 16.4067
2.77002 16.1812
2.78002 15.9578
2.79002 15.7363
2.80002 15.517
2.81002 15.2996
2.82002 15.0842
2.83002 14.8709
2.84002 14.6595
2.85002 14.4501
2.86002 14.2427
2.87002 14.0373
2.88002 13.8338
2.89002 13.6322
2.90002 13.4326
2.91002 13.2349
2.92002 13.0392
2.93002 12.8453
2.94002 12.6533
2.95002 12.4633
2.96002 12.2751
2.97002 12.0888
2.98002 11.9043
2.99002 11.7217
3.00002 11.5409
3.01002 11.362
3.02002 11.1849
3.03002 11.0096
3.04002 10.8362
3.05002 10.6645
3.06002 10.4946
3.07002 10.3265
3.08002 10.1602
3.09002 9.99557
3.10002 9.83275
3.11002 9.67167
3.12002 9.51233
3.13002 9.35471
3.14002 9.1988
3.15002 9.0446
3.16002 8.8921
3.17002 8.74129
3.18002 8.59215
3.19002 8.44469
3.20002 8.29889
3.21002 8.15473
3.22002 8.01222
3.23002 7.87135
3.24002 7.73209
3.25002 7.59446
3.26002 7.45842
3.27002 7.32399
3.28002 7.19114
3.29002 7.05986
3.30002 6.93016
3.31002 6.80202
3.32002 6.67543
3.33002 6.55038
3.34002 6.42686
3.35002 6.30486
3.36002 6.18438
3.37002 6.0654
3.38002 5.94792
3.39002 5.83193
3.40002 5.71741
3.41002 5.60436
3.42002 5.49276
3.43002 5.38262
3.44002 5.27392
3.45002 5.16665
3.46002 5.0608
3.47002 4.95637
3.48002 4.85334
3.49002 4.7517
3.50002 4.65145
3.51002 4.55257
3.52002 4.45506
3.53002 4.35891
3.54002 4.26411
3.55002 4.17065
3.56002 4.07851
3.57002 3.9877
3.58002 3.8982
3.59002 3.81001
3.60002 3.7231
3.61002 3.63749
3.62002 3.55314
3.63002 3.47006
3.64002 3.38824
3.65002 3.30767
3.66002 3.22834
3.67002 3.15023
3.68002 3.07335
3.69002 2.99768
3.70002 2.92321
3.71002 2.84993
3.72002 2.77783
3.73002 2.70691
3.74002 2.63716
3.75002 2.56856
3.76002 2.5011
3.77002 2.43479
3.78002 2.3696
3.79002 2.30553
3.80002 2.24258
3.81002 2.18072
3.82002 2.11996
3.83002 2.06027
3.84002 2.00167
3.85002 1.94412
3.86002 1.88763
3.87002 1.83219
3.88002 1.77778
3.89002 1.7244
3.90002 1.67204
3.91002 1.62069
3.92002 1.57034
3.93002 1.52098
3.94002 1.4726
3.95002 1.42519
3.96002 1.37875
3.97002 1.33326
3.98002 1.28872
3.99002 1.24511
4.00002 1.20243
4.01002 1.16066
4.02002 1.11981
4.03002 1.07985
4.04002 1.04078
4.05002 1.00259
4.06002 0.96528
4.07002 0.928827
4.08002 0.893228
4.09002 0.858472
4.10002 0.824552
4.11002 0.791457
4.12002 0.759179
4.13002 0.727708
4.14002 0.697036
4.15002 0.667152
4.16002 0.638049
4.17002 0.609716
4.18002 0.582145
4.19002 0.555326
4.20002 0.52925
4.21002 0.503908
4.22002 0.479291
4.23002 0.455389
4.24002 0.432195
4.25002 0.409697
4.26002 0.387888
4.27002 0.366757
4.28002 0.346296
4.29002 0.326496
4.30002 0.307347
4.31002 0.28884
4.32002 0.270967
4.33002 0.253717
4.34002 0.237082
4.35002 0.221053
4.36002 0.20562
4.37002 0.190774
4.38002 0.176506
4.39002 0.162807
4.40002 0.149668
4.41003 0.137079
4.42003 0.125032
4.43003 0.113516
4.44003 0.102524
4.45003 0.0920452
4.46003 0.0820712
4.47003 0.0725926
4.48003 0.0636002
4.49003 0.0550849
4.50003 0.0470376
4.51003 0.0394489
4.52003 0.0323099
4.53003 0.0256112
4.54003 0.0193437
4.55003 0.0134982
4.56003 0.00806563
4.57003 0.0030367
4.58003 -0.00159773
4.59003 -0.00584683
4.60003 -0.00971977
4.61003 -0.0132257
4.62003 -0.0163739
4.63003 -0.0191734
4.64003 -0.0216335
4.65003 -0.0237633
4.66003 -0.025572
4.67003 -0.0270688
4.68003 -0.0282628
4.69003 -0.0291632
4.70003 -0.0297793
4.71003 -0.0301201
4.72003 -0.0301949
4.73003 -0.0300128
4.74003 -0.029583
4.75003 -0.0289147
4.76003 -0.028017
4.77003 -0.0268991
4.78003 -0.0255703
4.79003 -0.0240396
4.80003 -0.0223163
4.81003 -0.0204095
4.82003 -0.0183285
4.83003 -0.0160823
4.84003 -0.0136801
4.85004 -0.0111312
4.86004 -0.00844471
4.87004 -0.00562978
4.88004 -0.00269561
4.89004 0.000348632
4.90004 0.00349376
4.91004 0.00673062
4.92004 0.01005
4.93004 0.0134428
4.94004 0.0168997
4.95004 0.0204117
4.96004 0.0239695
4.97004 0.027564
4.98004 0.0311859
4.99004 0.0348262
5.00004 0.0384756

