-5 8.83471
-4.99 8.814
-4.98 8.79332
-4.97 8.77267
-4.96 8.75205
-4.95 8.73147
-4.94 8.71092
-4.93 8.69041
-4.92 8.66992
-4.91 8.64947
-4.9 8.62905
-4.89 8.60867
-4.88 8.58832
-4.87 8.568
-4.86 8.54771
-4.85 8.52746
-4.84 8.50724
-4.83 8.48705
-4.82 8.4669
-4.81 8.44677
-4.8 8.42668
-4.79 8.40662
-4.77999 8.3866
-4.76999 8.3666
-4.75999 8.34664
-4.74999 8.32672
-4.73999 8.30682
-4.72999 8.28696
-4.71999 8.26713
-4.70999 8.24733
-4.69999 8.22756
-4.68999 8.20783
-4.67999 8.18812
-4.66999 8.16845
-4.65999 8.14881
-4.64999 8.12921
-4.63999 8.10963
-4.62999 8.09009
-4.61999 8.07058
-4.60999 8.0511
-4.59999 8.03166
-4.58999 8.01224
-4.57999 7.99286
-4.56999 7.97351
-4.55999 7.95419
-4.54999 7.9349
-4.53999 7.91564
-4.52999 7.89642
-4.51999 7.87723
-4.50999 7.85806
-4.49999 7.83893
-4.48999 7.81984
-4.47999 7.80077
-4.46999 7.78174
-4.45999 7.76273
-4.44999 7.74376
-4.43999 7.72482
-4.42999 7.70591
-4.41999 7.68703
-4.40999 7.66818
-4.39999 7.64937
-4.38999 7.63058
-4.37999 7.61183
-4.36999 7.59311
-4.35999 7.57441
-4.34999 7.55575
-4.33998 7.53712
-4.32998 7.51853
-4.31998 7.49996
-4.30998 7.48142
-4.29998 7.46292
-4.28998 7.44444
-4.27998 7.426
-4.26998 7.40758
-4.25998 7.3892
-4.24998 7.37085
-4.23998 7.35253
-4.22998 7.33424
-4.21998 7.31598
-4.20998 7.29775
-4.19998 7.27955
-4.18998 7.26138
-4.17998 7.24324
-4.16998 7.22514
-4.15998 7.20706
-4.14998 7.18901
-4.13998 7.171
-4.12998 7.15301
-4.11998 7.13506
-4.10998 7.11713
-4.09998 7.09924
-4.08998 7.08137
-4.07998 7.06354
-4.06998 7.04573
-4.05998 7.02796
-4.04998 7.01021
-4.03998 6.9925
-4.02998 6.97482
-4.01998 6.95716
-4.00998 6.93954
-3.99998 6.92194
-3.98998 6.90438
-3.97998 6.88684
-3.96998 6.86934
-3.95998 6.85186
-3.94998 6.83442
-3.93998 6.817
-3.92998 6.79962
-3.91998 6.78226
-3.90998 6.76493
-3.89998 6.74764
-3.88998 6.73037
-3.87998 6.71313
-3.86998 6.69592
-3.85998 6.67874
-3.84998 6.66159
-3.83998 6.64447
-3.82998 6.62738
-3.81998 6.61032
-3.80998 6.59329
-3.79998 6.57628
-3.78998 6.55931
-3.77998 6.54236
-3.76998 6.52545
-3.75998 6.50856
-3.74998 6.4917
-3.73998 6.47487
-3.72998 6.45807
-3.71998 6.4413
-3.70998 6.42456
-3.69998 6.40785
-3.68998 6.39116
-3.67998 6.37451
-3.66998 6.35788
-3.65998 6.34128
-3.64998 6.32472
-3.63998 6.30818
-3.62998 6.29166
-3.61998 6.27518
-3.60998 6.25873
-3.59998 6.2423
-3.58998 6.2259
-3.57998 6.20953
-3.56998 6.19319
-3.55998 6.17688
-3.54998 6.1606
-3.53998 6.14434
-3.52998 6.12812
-3.51998 6.11192
-3.50998 6.09575
-3.49998 6.0796
-3.48998 6.06349
-3.47998 6.0474
-3.46998 6.03135
-3.45998 6.01532
-3.44998 5.99932
-3.43998 5.98334
-3.42998 5.9674
-3.41998 5.95148
-3.40998 5.93559
-3.39998 5.91973
-3.38998 5.90389
-3.37998 5.88809
-3.36998 5.87231
-3.35998 5.85656
-3.34998 5.84084
-3.33998 5.82514
-3.32998 5.80947
-3.31998 5.79383
-3.30998 5.77822
-3.29998 5.76264
-3.28998 5.74708
-3.27998 5.73155
-3.26998 5.71605
-3.25998 5.70057
-3.24998 5.68513
-3.23998 5.66971
-3.22998 5.65431
-3.21998 5.63895
-3.20998 5.62361
-3.19998 5.6083
-3.18998 5.59302
-3.17998 5.57776
-3.16998 5.56253
-3.15998 5.54733
-3.14998 5.53215
-3.13998 5.51701
-3.12998 5.50188
-3.11998 5.48679
-3.10998 5.47172
-3.09998 5.45668
-3.08998 5.44167
-3.07998 5.42668
-3.06998 5.41172
-3.05998 5.39679
-3.04998 5.38188
-3.03998 5.367
-3.02998 5.35215
-3.01998 5.33733
-3.00998 5.32253
-2.99998 5.30775
-2.98998 5.29301
-2.97998 5.27829
-2.96998 5.26359
-2.95998 5.24892
-2.94998 5.23428
-2.93998 5.21967
-2.92998 5.20508
-2.91998 5.19052
-2.90998 5.17598
-2.89998 5.16148
-2.88998 5.14699
-2.87998 5.13253
-2.86998 5.1181
-2.85998 5.1037
-2.84998 5.08932
-2.83998 5.07497
-2.82998 5.06064
-2.81998 5.04634
-2.80998 5.03207
-2.79998 5.01782
-2.78998 5.0036
-2.77998 4.9894
-2.76998 4.97523
-2.75998 4.96108
-2.74998 4.94696
-2.73998 4.93287
-2.72998 4.9188
-2.71998 4.90476
-2.70998 4.89074
-2.69998 4.87675
-2.68998 4.86278
-2.67998 4.84884
-2.66998 4.83493
-2.65998 4.82104
-2.64998 4.80717
-2.63998 4.79334
-2.62998 4.77952
-2.61998 4.76574
-2.60998 4.75197
-2.59998 4.73823
-2.58998 4.72452
-2.57998 4.71084
-2.56998 4.69717
-2.55998 4.68354
-2.54998 4.66992
-2.53998 4.65634
-2.52998 4.64278
-2.51998 4.62924
-2.50998 4.61573
-2.49998 4.60224
-2.48998 4.58878
-2.47998 4.57534
-2.46998 4.56193
-2.45998 4.54854
-2.44998 4.53518
-2.43998 4.52184
-2.42998 4.50853
-2.41998 4.49524
-2.40998 4.48197
-2.39998 4.46873
-2.38998 4.45552
-2.37998 4.44233
-2.36998 4.42916
-2.35998 4.41602
-2.34998 4.4029
-2.33998 4.38981
-2.32998 4.37674
-2.31998 4.3637
-2.30998 4.35068
-2.29998 4.33768
-2.28998 4.32471
-2.27998 4.31176
-2.26998 4.29884
-2.25998 4.28594
-2.24998 4.27307
-2.23998 4.26022
-2.22998 4.24739
-2.21998 4.23459
-2.20998 4.22181
-2.19998 4.20905
-2.18998 4.19632
-2.17998 4.18361
-2.16998 4.17093
-2.15998 4.15827
-2.14998 4.14563
-2.13998 4.13302
-2.12998 4.12043
-2.11998 4.10787
-2.10998 4.09533
-2.09998 4.08281
-2.08998 4.07032
-2.07998 4.05784
-2.06998 4.0454
-2.05998 4.03297
-2.04998 4.02057
-2.03998 4.0082
-2.02998 3.99584
-2.01998 3.98351
-2.00998 3.97121
-1.99998 3.95892
-1.98998 3.94666
-1.97998 3.93443
-1.96998 3.92221
-1.95998 3.91002
-1.94998 3.89785
-1.93998 3.88571
-1.92998 3.87359
-1.91998 3.86149
-1.90998 3.84941
-1.89998 3.83736
-1.88998 3.82533
-1.87998 3.81332
-1.86998 3.80134
-1.85998 3.78937
-1.84998 3.77744
-1.83998 3.76552
-1.82998 3.75363
-1.81998 3.74176
-1.80998 3.72991
-1.79998 3.71808
-1.78998 3.70628
-1.77998 3.6945
-1.76998 3.68274
-1.75998 3.671
-1.74998 3.65929
-1.73998 3.6476
-1.72998 3.63593
-1.71998 3.62429
-1.70998 3.61266
-1.69998 3.60106
-1.68998 3.58948
-1.67998 3.57792
-1.66998 3.56639
-1.65998 3.55488
-1.64998 3.54339
-1.63998 3.53192
-1.62998 3.52047
-1.61998 3.50905
-1.60998 3.49764
-1.59998 3.48626
-1.58998 3.4749
-1.57998 3.46357
-1.56998 3.45225
-1.55998 3.44096
-1.54998 3.42969
-1.53998 3.41844
-1.52998 3.40721
-1.51998 3.396
-1.50998 3.38482
-1.49998 3.37365
-1.48998 3.36251
-1.47998 3.35139
-1.46998 3.34029
-1.45998 3.32921
-1.44998 3.31816
-1.43998 3.30712
-1.42998 3.29611
-1.41998 3.28512
-1.40998 3.27415
-1.39998 3.2632
-1.38998 3.25227
-1.37998 3.24136
-1.36998 3.23048
-1.35998 3.21961
-1.34998 3.20877
-1.33998 3.19795
-1.32998 3.18715
-1.31998 3.17637
-1.30998 3.16561
-1.29998 3.15487
-1.28998 3.14415
-1.27998 3.13345
-1.26998 3.12278
-1.25998 3.11212
-1.24998 3.10149
-1.23998 3.09088
-1.22998 3.08028
-1.21998 3.06971
-1.20998 3.05916
-1.19998 3.04863
-1.18998 3.03812
-1.17998 3.02763
-1.16998 3.01716
-1.15998 3.00671
-1.14998 2.99628
-1.13998 2.98587
-1.12998 2.97549
-1.11998 2.96512
-1.10998 2.95477
-1.09998 2.94444
-1.08998 2.93414
-1.07998 2.92385
-1.06998 2.91359
-1.05998 2.90334
-1.04998 2.89311
-1.03998 2.88291
-1.02998 2.87272
-1.01998 2.86256
-1.00998 2.85241
-0.99998 2.84228
-0.98998 2.83218
-0.97998 2.82209
-0.96998 2.81203
-0.95998 2.80198
-0.94998 2.79195
-0.93998 2.78194
-0.92998 2.77196
-0.91998 2.76199
-0.90998 2.75204
-0.89998 2.74211
-0.88998 2.7322
-0.87998 2.72231
-0.86998 2.71245
-0.85998 2.7026
-0.84998 2.69276
-0.83998 2.68295
-0.82998 2.67316
-0.81998 2.66339
-0.80998 2.65363
-0.79998 2.6439
-0.78998 2.63418
-0.77998 2.62449
-0.76998 2.61481
-0.75998 2.60515
-0.74998 2.59552
-0.73998 2.5859
-0.72998 2.5763
-0.71998 2.56672
-0.70998 2.55715
-0.69998 2.54761
-0.689981 2.53809
-0.679981 2.52858
-0.669981 2.51909
-0.659981 2.50963
-0.649981 2.50018
-0.639981 2.49075
-0.629981 2.48133
-0.619981 2.47194
-0.609981 2.46257
-0.599981 2.45321
-0.589981 2.44387
-0.579981 2.43456
-0.569981 2.42526
-0.559981 2.41597
-0.549981 2.40671
-0.539981 2.39747
-0.529981 2.38824
-0.519981 2.37903
-0.509981 2.36984
-0.499981 2.36067
-0.489981 2.35152
-0.479981 2.34238
-0.469981 2.33326
-0.459981 2.32417
-0.449981 2.31509
-0.439981 2.30602
-0.429981 2.29698
-0.419981 2.28795
-0.409981 2.27894
-0.399981 2.26995
-0.389981 2.26098
-0.379981 2.25203
-0.369981 2.24309
-0.359981 2.23417
-0.349981 2.22527
-0.339981 2.21638
-0.329981 2.20752
-0.319981 2.19867
-0.309981 2.18984
-0.299981 2.18103
-0.289981 2.17223
-0.279981 2.16345
-0.269981 2.15469
-0.259981 2.14595
-0.249981 2.13723
-0.239981 2.12852
-0.229981 2.11983
-0.219981 2.11115
-0.209981 2.1025
-0.199981 2.09386
-0.189981 2.08524
-0.179981 2.07663
-0.169981 2.06805
-0.159981 2.05948
-0.149981 2.05092
-0.139981 2.04239
-0.129981 2.03387
-0.119981 2.02537
-0.109981 2.01688
-0.0999809 2.00842
-0.0899809 1.99997
-0.0799809 1.99153
-0.0699809 1.98311
-0.0599809 1.97471
-0.0499809 1.96633
-0.0399809 1.95796
-0.0299809 1.94961
-0.0199809 1.94128
-0.00998086 1.93296
1.91445e-05 1.92466
0.0100191 1.91638
0.0200191 1.90811
0.0300191 1.89986
0.0400191 1.89163
0.0500191 1.88341
0.0600191 1.87521
0.0700191 1.86703
0.0800191 1.85886
0.0900191 1.85071
0.100019 1.84257
0.110019 1.83445
0.120019 1.82635
0.130019 1.81826
0.140019 1.81019
0.150019 1.80214
0.160019 1.7941
0.170019 1.78608
0.180019 1.77807
0.190019 1.77008
0.200019 1.7621
0.210019 1.75415
0.220019 1.7462
0.230019 1.73828
0.240019 1.73037
0.250019 1.72247
0.260019 1.71459
0.270019 1.70673
0.280019 1.69888
0.290019 1.69105
0.300019 1.68323
0.310019 1.67543
0.320019 1.66764
0.330019 1.65987
0.340019 1.65212
0.350019 1.64438
0.360019 1.63665
0.370019 1.62895
0.380019 1.62125
0.390019 1.61358
0.400019 1.60591
0.410019 1.59827
0.420019 1.59063
0.430019 1.58302
0.440019 1.57542
0.450019 1.56783
0.460019 1.56026
0.470019 1.5527
0.480019 1.54516
0.490019 1.53763
0.500019 1.53012
0.510019 1.52263
0.520019 1.51514
0.530019 1.50768
0.540019 1.50023
0.550019 1.49279
0.560019 1.48537
0.570019 1.47796
0.580019 1.47057
0.590019 1.46319
0.600019 1.45582
0.610019 1.44848
0.620019 1.44114
0.630019 1.43382
0.640019 1.42652
0.650019 1.41922
0.660019 1.41195
0.670019 1.40469
0.680019 1.39744
0.690019 1.39021
0.700019 1.38299
0.710019 1.37578
0.720019 1.36859
0.730019 1.36141
0.740019 1.35425
0.750019 1.3471
0.760019 1.33997
0.770019 1.33285
0.780019 1.32574
0.790019 1.31865
0.800019 1.31157
0.810019 1.30451
0.820019 1.29746
0.830019 1.29042
0.840019 1.2834
0.850019 1.27639
0.860019 1.2694
0.870019 1.26242
0.880019 1.25545
0.890019 1.2485
0.900019 1.24156
0.910019 1.23463
0.920019 1.22772
0.930019 1.22082
0.940019 1.21393
0.950019 1.20706
0.960019 1.2002
0.970019 1.19335
0.980018 1.18652
0.990018 1.1797
1.00002 1.1729
1.01002 1.1661
1.02002 1.15932
1.03002 1.15256
1.04002 1.14581
1.05002 1.13907
1.06002 1.13234
1.07002 1.12563
1.08002 1.11893
1.09002 1.11224
1.10002 1.10556
1.11002 1.0989
1.12002 1.09225
1.13002 1.08562
1.14002 1.079
1.15002 1.07239
1.16002 1.06579
1.17002 1.0592
1.18002 1.05263
1.19002 1.04607
1.20002 1.03953
1.21002 1.03299
1.22002 1.02647
1.23002 1.01996
1.24002 1.01347
1.25002 1.00698
1.26002 1.00051
1.27002 0.994051
1.28002 0.987604
1.29002 0.98117
1.30002 0.974748
1.31002 0.968338
1.32002 0.96194
1.33002 0.955555
1.34002 0.949182
1.35002 0.942821
1.36002 0.936472
1.37002 0.930135
1.38002 0.92381
1.39002 0.917498
1.40002 0.911197
1.41002 0.904908
1.42002 0.898631
1.43002 0.892366
1.44002 0.886113
1.45002 0.879871
1.46002 0.873642
1.47002 0.867424
1.48002 0.861218
1.49002 0.855023
1.50002 0.84884
1.51002 0.842669
1.52002 0.836509
1.53002 0.830361
1.54002 0.824225
1.55002 0.818099
1.56002 0.811986
1.57002 0.805884
1.58002 0.799793
1.59002 0.793713
1.60002 0.787645
1.61002 0.781588
1.62002 0.775542
1.63002 0.769507
1.64002 0.763484
1.65002 0.757472
1.66002 0.751471
1.67002 0.745481
1.68002 0.739502
1.69002 0.733534
1.70002 0.727577
1.71002 0.721631
1.72002 0.715696
1.73002 0.709771
1.74002 0.703858
1.75002 0.697955
1.76002 0.692064
1.77002 0.686183
1.78002 0.680312
1.79002 0.674453
1.80002 0.668604
1.81002 0.662765
1.82002 0.656937
1.83002 0.65112
1.84002 0.645313
1.85002 0.639517
1.86002 0.633731
1.87002 0.627956
1.88002 0.622191
1.89002 0.616436
1.90002 0.610692
1.91002 0.604958
1.92002 0.599234
1.93002 0.59352
1.94002 0.587817
1.95002 0.582123
1.96002 0.57644
1.97002 0.570767
1.98002 0.565104
1.99002 0.559451
2.00002 0.553808
2.01002 0.548175
2.02002 0.542552
2.03002 0.536939
2.04002 0.531335
2.05002 0.525742
2.06002 0.520158
2.07002 0.514584
2.08002 0.509019
2.09002 0.503465
2.10002 0.49792
2.11002 0.492384
2.12002 0.486858
2.13002 0.481342
2.14002 0.475835
2.15002 0.470338
2.16002 0.46485
2.17002 0.459372
2.18002 0.453903
2.19002 0.448443
2.20002 0.442993
2.21002 0.437552
2.22002 0.43212
2.23002 0.426698
2.24002 0.421284
2.25002 0.41588
2.26002 0.410485
2.27002 0.405099
2.28002 0.399722
2.29002 0.394354
2.30002 0.388995
2.31002 0.383645
2.32002 0.378304
2.33002 0.372972
2.34002 0.367649
2.35002 0.362334
2.36002 0.357029
2.37002 0.351732
2.38002 0.346443
2.39002 0.341164
2.40002 0.335893
2.41002 0.330631
2.42002 0.325377
2.43002 0.320132
2.44002 0.314896
2.45002 0.309667
2.46002 0.304448
2.47002 0.299237
2.48002 0.294034
2.49002 0.288839
2.50002 0.283653
2.51002 0.278475
2.52002 0.273306
2.53002 0.268145
2.54002 0.262991
2.55002 0.257846
2.56002 0.25271
2.57002 0.247581
2.58002 0.24246
2.59002 0.237347
2.60002 0.232243
2.61002 0.227146
2.62002 0.222057
2.63002 0.216976
2.64002 0.211903
2.65002 0.206838
2.66002 0.201781
2.67002 0.196731
2.68002 0.191689
2.69002 0.186655
2.70002 0.181628
2.71002 0.176609
2.72002 0.171598
2.73002 0.166594
2.74002 0.161598
2.75002 0.156609
2.76002 0.151628
2.77002 0.146654
2.78002 0.141688
2.79002 0.136729
2.80002 0.131777
2.81002 0.126832
2.82002 0.121895
2.83002 0.116965
2.84002 0.112042
2.85002 0.107127
2.86002 0.102218
2.87002 0.0973169
2.88002 0.0924225
2.89002 0.0875353
2.90002 0.082655
2.91002 0.0777816
2.92002 0.0729153
2.93002 0.0680558
2.94002 0.0632031
2.95002 0.0583574
2.96002 0.0535184
2.97002 0.0486862
2.98002 0.0438607
2.99002 0.0390419
3.00002 0.0342297
3.01002 0.0294243
3.02002 0.0246254
3.03002 0.0198331
3.04002 0.0150473
3.05002 0.010268
3.06002 0.00549516
3.07002 0.000728771
3.08002 -0.0040312
3.09002 -0.00878482
3.10002 -0.0135321
3.11002 -0.0182731
3.12002 -0.0230078
3.13002 -0.0277363
3.14002 -0.0324585
3.15002 -0.0371746
3.16002 -0.0418846
3.17002 -0.0465884
3.18002 -0.0512862
3.19002 -0.0559779
3.20002 -0.0606637
3.21002 -0.0653435
3.22002 -0.0700173
3.23002 -0.0746853
3.24002 -0.0793473
3.25002 -0.0840035
3.26002 -0.088654
3.27002 -0.0932986
3.28002 -0.0979375
3.29002 -0.102571
3.30002 -0.107198
3.31002 -0.11182
3.32002 -0.116436
3.33002 -0.121047
3.34002 -0.125652
3.35002 -0.130252
3.36002 -0.134846
3.37002 -0.139435
3.38002 -0.144018
3.39002 -0.148596
3.40002 -0.153169
3.41002 -0.157736
3.42002 -0.162298
3.43002 -0.166855
3.44002 -0.171407
3.45002 -0.175953
3.46002 -0.180494
3.47002 -0.185031
3.48002 -0.189562
3.49002 -0.194088
3.50002 -0.198609
3.51002 -0.203125
3.52002 -0.207636
3.53002 -0.212142
3.54002 -0.216644
3.55002 -0.22114
3.56002 -0.225632
3.57002 -0.230119
3.58002 -0.234601
3.59002 -0.239078
3.60002 -0.243551
3.61002 -0.248019
3.62002 -0.252483
3.63002 -0.256942
3.64002 -0.261396
3.65002 -0.265846
3.66002 -0.270292
3.67002 -0.274733
3.68002 -0.279169
3.69002 -0.283601
3.70002 -0.288029
3.71002 -0.292453
3.72002 -0.296872
3.73002 -0.301287
3.74002 -0.305698
3.75002 -0.310105
3.76002 -0.314507
3.77002 -0.318905
3.78002 -0.3233
3.79002 -0.32769
3.80002 -0.332076
3.81002 -0.336458
3.82002 -0.340837
3.83002 -0.345211
3.84002 -0.349582
3.85002 -0.353948
3.86002 -0.358311
3.87002 -0.36267
3.88002 -0.367025
3.89002 -0.371377
3.90002 -0.375725
3.91002 -0.380069
3.92002 -0.38441
3.93002 -0.388747
3.94002 -0.39308
3.95002 -0.39741
3.96002 -0.401737
3.97002 -0.40606
3.98002 -0.41038
3.99002 -0.414696
4.00002 -0.419009
4.01002 -0.423319
4.02002 -0.427625
4.03002 -0.431928
4.04002 -0.436228
4.05002 -0.440525
4.06002 -0.444818
4.07002 -0.449109
4.08002 -0.453396
4.09002 -0.457681
4.10002 -0.461962
4.11002 -0.46624
4.12002 -0.470516
4.13002 -0.474788
4.14002 -0.479058
4.15002 -0.483325
4.16002 -0.487589
4.17002 -0.49185
4.18002 -0.496108
4.19002 -0.500364
4.20002 -0.504617
4.21002 -0.508867
4.22002 -0.513115
4.23002 -0.51736
4.24002 -0.521602
4.25002 -0.525842
4.26002 -0.53008
4.27002 -0.534315
4.28002 -0.538548
4.29002 -0.542778
4.30002 -0.547006
4.31002 -0.551232
4.32002 -0.555455
4.33002 -0.559676
4.34002 -0.563895
4.35002 -0.568112
4.36002 -0.572326
4.37002 -0.576539
4.38002 -0.580749
4.39002 -0.584957
4.40002 -0.589163
4.41003 -0.593367
4.42003 -0.59757
4.43003 -0.60177
4.44003 -0.605968
4.45003 -0.610165
4.46003 -0.61436
4.47003 -0.618553
4.48003 -0.622744
4.49003 -0.626933
4.50003 -0.631121
4.51003 -0.635307
4.52003 -0.639492
4.53003 -0.643675
4.54003 -0.647856
4.55003 -0.652036
4.56003 -0.656214
4.57003 -0.660391
4.58003 -0.664567
4.59003 -0.668741
4.60003 -0.672914
4.61003 -0.677085
4.62003 -0.681255
4.63003 -0.685424
4.64003 -0.689592
4.65003 -0.693758
4.66003 -0.697923
4.67003 -0.702087
4.68003 -0.70625
4.69003 -0.710412
4.70003 -0.714573
4.71003 -0.718733
4.72003 -0.722892
4.73003 -0.72705
4.74003 -0.731207
4.75003 -0.735364
4.76003 -0.739519
4.77003 -0.743674
4.78003 -0.747828
4.79003 -0.751981
4.80003 -0.756133
4.81003 -0.760285
4.82003 -0.764436
4.83003 -0.768587
4.84003 -0.772737
4.85004 -0.776886
4.86004 -0.781035
4.87004 -0.785184
4.88004 -0.789332
4.89004 -0.79348
4.90004 -0.797627
4.91004 -0.801774
4.92004 -0.805921
4.93004 -0.810067
4.94004 -0.814213
4.95004 -0.818359
4.96004 -0.822505
4.97004 -0.826651
4.98004 -0.830797
4.99004 -0.834942
5.00004 -0.839088

-5 -310.838
-4.99 -309.875
-4.98 -308.914
-4.97 -307.954
-4.96 -306.997
-4.95 -306.041
-4.94 -305.088
-4.93 -304.136
-4.92 -303.187
-4.91 -302.239
-4.9 -301.293
-4.89 -300.35
-4.88 -299.408
-4.87 -298.468
-4.86 -297.53
-4.85 -296.594
-4.84 -295.66
-4.83 -294.728
-4.82 -293.798
-4.81 -292.869
-4.8 -291.943
-4.79 -291.019
-4.77999 -290.096
-4.76999 -289.176
-4.75999 -288.257
-4.74999 -287.34
-4.73999 -286.425
-4.72999 -285.512
-4.71999 -284.601
-4.70999 -283.692
-4.69999 -282.785
-4.68999 -281.88
-4.67999 -280.976
-4.66999 -280.075
-4.65999 -279.175
-4.64999 -278.277
-4.63999 -277.382
-4.62999 -276.488
-4.61999 -275.596
-4.60999 -274.706
-4.59999 -273.817
-4.58999 -272.931
-4.57999 -272.046
-4.56999 -271.164
-4.55999 -270.283
-4.54999 -269.404
-4.53999 -268.527
-4.52999 -267.652
-4.51999 -266.779
-4.50999 -265.908
-4.49999 -265.038
-4.48999 -264.17
-4.47999 -263.305
-4.46999 -262.441
-4.45999 -261.579
-4.44999 -260.718
-4.43999 -259.86
-4.42999 -259.004
-4.41999 -258.149
-4.40999 -257.296
-4.39999 -256.445
-4.38999 -255.596
-4.37999 -254.749
-4.36999 -253.903
-4.35999 -253.06
-4.34999 -252.218
-4.33998 -251.378
-4.32998 -250.54
-4.31998 -249.704
-4.30998 -248.87
-4.29998 -248.037
-4.28998 -247.206
-4.27998 -246.377
-4.26998 -245.55
-4.25998 -244.725
-4.24998 -243.901
-4.23998 -243.08
-4.22998 -242.26
-4.21998 -241.442
-4.20998 -240.626
-4.19998 -239.811
-4.18998 -238.999
-4.17998 -238.188
-4.16998 -237.379
-4.15998 -236.572
-4.14998 -235.766
-4.13998 -234.963
-4.12998 -234.161
-4.11998 -233.361
-4.10998 -232.562
-4.09998 -231.766
-4.08998 -230.971
-4.07998 -230.178
-4.06998 -229.387
-4.05998 -228.598
-4.04998 -227.811
-4.03998 -227.025
-4.02998 -226.241
-4.01998 -225.459
-4.00998 -224.678
-3.99998 -223.899
-3.98998 -223.123
-3.97998 -222.347
-3.96998 -221.574
-3.95998 -220.803
-3.94998 -220.033
-3.93998 -219.265
-3.92998 -218.498
-3.91998 -217.734
-3.90998 -216.971
-3.89998 -216.21
-3.88998 -215.45
-3.87998 -214.693
-3.86998 -213.937
-3.85998 -213.183
-3.84998 -212.431
-3.83998 -211.68
-3.82998 -210.931
-3.81998 -210.184
-3.80998 -209.438
-3.79998 -208.695
-3.78998 -207.953
-3.77998 -207.213
-3.76998 -206.474
-3.75998 -205.737
-3.74998 -205.002
-3.73998 -204.269
-3.72998 -203.537
-3.71998 -202.807
-3.70998 -202.079
-3.69998 -201.352
-3.68998 -200.628
-3.67998 -199.904
-3.66998 -199.183
-3.65998 -198.463
-3.64998 -197.745
-3.63998 -197.029
-3.62998 -196.315
-3.61998 -195.602
-3.60998 -194.89
-3.59998 -194.181
-3.58998 -193.473
-3.57998 -192.767
-3.56998 -192.062
-3.55998 -191.36
-3.54998 -190.658
-3.53998 -189.959
-3.52998 -189.261
-3.51998 -188.565
-3.50998 -187.871
-3.49998 -187.178
-3.48998 -186.487
-3.47998 -185.798
-3.46998 -185.11
-3.45998 -184.424
-3.44998 -183.739
-3.43998 -183.057
-3.42998 -182.375
-3.41998 -181.696
-3.40998 -181.018
-3.39998 -180.342
-3.38998 -179.668
-3.37998 -178.995
-3.36998 -178.324
-3.35998 -177.654
-3.34998 -176.986
-3.33998 -176.32
-3.32998 -175.655
-3.31998 -174.992
-3.30998 -174.331
-3.29998 -173.671
-3.28998 -173.013
-3.27998 -172.356
-3.26998 -171.701
-3.25998 -171.048
-3.24998 -170.397
-3.23998 -169.747
-3.22998 -169.098
-3.21998 -168.452
-3.20998 -167.806
-3.19998 -167.163
-3.18998 -166.521
-3.17998 -165.881
-3.16998 -165.242
-3.15998 -164.605
-3.14998 -163.969
-3.13998 -163.335
-3.12998 -162.703
-3.11998 -162.072
-3.10998 -161.443
-3.09998 -160.816
-3.08998 -160.19
-3.07998 -159.565
-3.06998 -158.943
-3.05998 -158.321
-3.04998 -157.702
-3.03998 -157.084
-3.02998 -156.467
-3.01998 -155.852
-3.00998 -155.239
-2.99998 -154.627
-2.98998 -154.017
-2.97998 -153.409
-2.96998 -152.801
-2.95998 -152.196
-2.94998 -151.592
-2.93998 -150.99
-2.92998 -150.389
-2.91998 -149.79
-2.90998 -149.192
-2.89998 -148.596
-2.88998 -148.001
-2.87998 -147.408
-2.86998 -146.817
-2.85998 -146.227
-2.84998 -145.639
-2.83998 -145.052
-2.82998 -144.467
-2.81998 -143.883
-2.80998 -143.301
-2.79998 -142.72
-2.78998 -142.141
-2.77998 -141.563
-2.76998 -140.987
-2.75998 -140.412
-2.74998 -139.839
-2.73998 -139.268
-2.72998 -138.698
-2.71998 -138.129
-2.70998 -137.562
-2.69998 -136.997
-2.68998 -136.433
-2.67998 -135.87
-2.66998 -135.309
-2.65998 -134.75
-2.64998 -134.192
-2.63998 -133.636
-2.62998 -133.081
-2.61998 -132.527
-2.60998 -131.975
-2.59998 -131.425
-2.58998 -130.876
-2.57998 -130.328
-2.56998 -129.782
-2.55998 -129.238
-2.54998 -128.695
-2.53998 -128.153
-2.52998 -127.613
-2.51998 -127.075
-2.50998 -126.538
-2.49998 -126.002
-2.48998 -125.468
-2.47998 -124.935
-2.46998 -124.404
-2.45998 -123.874
-2.44998 -123.346
-2.43998 -122.819
-2.42998 -122.294
-2.41998 -121.77
-2.40998 -121.247
-2.39998 -120.726
-2.38998 -120.207
-2.37998 -119.689
-2.36998 -119.172
-2.35998 -118.657
-2.34998 -118.143
-2.33998 -117.631
-2.32998 -117.12
-2.31998 -116.61
-2.30998 -116.103
-2.29998 -115.596
-2.28998 -115.091
-2.27998 -114.587
-2.26998 -114.085
-2.25998 -113.584
-2.24998 -113.085
-2.23998 -112.587
-2.22998 -112.09
-2.21998 -111.595
-2.20998 -111.101
-2.19998 -110.609
-2.18998 -110.118
-2.17998 -109.628
-2.16998 -109.14
-2.15998 -108.654
-2.14998 -108.168
-2.13998 -107.685
-2.12998 -107.202
-2.11998 -106.721
-2.10998 -106.241
-2.09998 -105.763
-2.08998 -105.286
-2.07998 -104.811
-2.06998 -104.337
-2.05998 -103.864
-2.04998 -103.393
-2.03998 -102.923
-2.02998 -102.454
-2.01998 -101.987
-2.00998 -101.521
-1.99998 -101.057
-1.98998 -100.594
-1.97998 -100.132
-1.96998 -99.6716
-1.95998 -99.2126
-1.94998 -98.7551
-1.93998 -98.2989
-1.92998 -97.844
-1.91998 -97.3905
-1.90998 -96.9384
-1.89998 -96.4876
-1.88998 -96.0382
-1.87998 -95.5901
-1.86998 -95.1434
-1.85998 -94.698
-1.84998 -94.254
-1.83998 -93.8113
-1.82998 -93.3699
-1.81998 -92.93
-1.80998 -92.4913
-1.79998 -92.054
-1.78998 -91.618
-1.77998 -91.1833
-1.76998 -90.75
-1.75998 -90.318
-1.74998 -89.8873
-1.73998 -89.458
-1.72998 -89.03
-1.71998 -88.6033
-1.70998 -88.1779
-1.69998 -87.7538
-1.68998 -87.3311
-1.67998 -86.9096
-1.66998 -86.4895
-1.65998 -86.0707
-1.64998 -85.6532
-1.63998 -85.237
-1.62998 -84.8221
-1.61998 -84.4085
-1.60998 -83.9962
-1.59998 -83.5852
-1.58998 -83.1754
-1.57998 -82.767
-1.56998 -82.3599
-1.55998 -81.9541
-1.54998 -81.5495
-1.53998 -81.1463
-1.52998 -80.7443
-1.51998 -80.3436
-1.50998 -79.9442
-1.49998 -79.5461
-1.48998 -79.1492
-1.47998 -78.7536
-1.46998 -78.3593
-1.45998 -77.9662
-1.44998 -77.5745
-1.43998 -77.1839
-1.42998 -76.7947
-1.41998 -76.4067
-1.40998 -76.02
-1.39998 -75.6345
-1.38998 -75.2503
-1.37998 -74.8673
-1.36998 -74.4856
-1.35998 -74.1052
-1.34998 -73.726
-1.33998 -73.348
-1.32998 -72.9713
-1.31998 -72.5958
-1.30998 -72.2216
-1.29998 -71.8486
-1.28998 -71.4768
-1.27998 -71.1063
-1.26998 -70.737
-1.25998 -70.3689
-1.24998 -70.0021
-1.23998 -69.6365
-1.22998 -69.2721
-1.21998 -68.909
-1.20998 -68.547
-1.19998 -68.1863
-1.18998 -67.8268
-1.17998 -67.4685
-1.16998 -67.1114
-1.15998 -66.7556
-1.14998 -66.4009
-1.13998 -66.0475
-1.12998 -65.6952
-1.11998 -65.3442
-1.10998 -64.9944
-1.09998 -64.6457
-1.08998 -64.2983
-1.07998 -63.952
-1.06998 -63.607
-1.05998 -63.2631
-1.04998 -62.9204
-1.03998 -62.5789
-1.02998 -62.2387
-1.01998 -61.8995
-1.00998 -61.5616
-0.99998 -61.2248
-0.98998 -60.8893
-0.97998 -60.5549
-0.96998 -60.2216
-0.95998 -59.8896
-0.94998 -59.5587
-0.93998 -59.229
-0.92998 -58.9004
-0.91998 -58.573
-0.90998 -58.2468
-0.89998 -57.9217
-0.88998 -57.5978
-0.87998 -57.2751
-0.86998 -56.9535
-0.85998 -56.633
-0.84998 -56.3137
-0.83998 -55.9956
-0.82998 -55.6786
-0.81998 -55.3627
-0.80998 -55.048
-0.79998 -54.7344
-0.78998 -54.422
-0.77998 -54.1107
-0.76998 -53.8005
-0.75998 -53.4915
-0.74998 -53.1836
-0.73998 -52.8768
-0.72998 -52.5712
-0.71998 -52.2666
-0.70998 -51.9632
-0.69998 -51.661
-0.689981 -51.3598
-0.679981 -51.0598
-0.669981 -50.7608
-0.659981 -50.463
-0.649981 -50.1663
-0.639981 -49.8707
-0.629981 -49.5762
-0.619981 -49.2828
-0.609981 -48.9905
-0.599981 -48.6994
-0.589981 -48.4093
-0.579981 -48.1203
-0.569981 -47.8324
-0.559981 -47.5456
-0.549981 -47.2599
-0.539981 -46.9753
-0.529981 -46.6918
-0.519981 -46.4093
-0.509981 -46.128
-0.499981 -45.8477
-0.489981 -45.5685
-0.479981 -45.2904
-0.469981 -45.0133
-0.459981 -44.7374
-0.449981 -44.4624
-0.439981 -44.1886
-0.429981 -43.9158
-0.419981 -43.6442
-0.409981 -43.3735
-0.399981 -43.1039
-0.389981 -42.8354
-0.379981 -42.568
-0.369981 -42.3016
-0.359981 -42.0362
-0.349981 -41.7719
-0.339981 -41.5087
-0.329981 -41.2465
-0.319981 -40.9854
-0.309981 -40.7253
-0.299981 -40.4662
-0.289981 -40.2082
-0.279981 -39.9512
-0.269981 -39.6952
-0.259981 -39.4403
-0.249981 -39.1864
-0.239981 -38.9336
-0.229981 -38.6818
-0.219981 -38.431
-0.209981 -38.1812
-0.199981 -37.9325
-0.189981 -37.6847
-0.179981 -37.438
-0.169981 -37.1923
-0.159981 -36.9477
-0.149981 -36.704
-0.139981 -36.4613
-0.129981 -36.2197
-0.119981 -35.9791
-0.109981 -35.7394
-0.0999809 -35.5008
-0.0899809 -35.2632
-0.0799809 -35.0265
-0.0699809 -34.7909
-0.0599809 -34.5563
-0.0499809 -34.3226
-0.0399809 -34.09
-0.0299809 -33.8583
-0.0199809 -33.6276
-0.00998086 -33.3979
1.91445e-05 -33.1692
0.0100191 -32.9415
0.0200191 -32.7147
0.0300191 -32.489
0.0400191 -32.2642
0.0500191 -32.0403
0.0600191 -31.8175
0.0700191 -31.5956
0.0800191 -31.3747
0.0900191 -31.1548
0.100019 -30.9358
0.110019 -30.7178
0.120019 -30.5007
0.130019 -30.2846
0.140019 -30.0694
0.150019 -29.8552
0.160019 -29.642
0.170019 -29.4297
0.180019 -29.2184
0.190019 -29.008
0.200019 -28.7985
0.210019 -28.59
0.220019 -28.3824
0.230019 -28.1758
0.240019 -27.9701
0.250019 -27.7653
0.260019 -27.5615
0.270019 -27.3586
0.280019 -27.1566
0.290019 -26.9556
0.300019 -26.7554
0.310019 -26.5563
0.320019 -26.358
0.330019 -26.1606
0.340019 -25.9642
0.350019 -25.7686
0.360019 -25.574
0.370019 -25.3803
0.380019 -25.1875
0.390019 -24.9956
0.400019 -24.8046
0.410019 -24.6146
0.420019 -24.4254
0.430019 -24.2371
0.440019 -24.0497
0.450019 -23.8632
0.460019 -23.6776
0.470019 -23.4929
0.480019 -23.3091
0.490019 -23.1262
0.500019 -22.9441
0.510019 -22.763
0.520019 -22.5827
0.530019 -22.4033
0.540019 -22.2247
0.550019 -22.0471
0.560019 -21.8703
0.570019 -21.6944
0.580019 -21.5194
0.590019 -21.3452
0.600019 -21.1719
0.610019 -20.9995
0.620019 -20.8279
0.630019 -20.6572
0.640019 -20.4873
0.650019 -20.3183
0.660019 -20.1502
0.670019 -19.9829
0.680019 -19.8164
0.690019 -19.6508
0.700019 -19.4861
0.710019 -19.3222
0.720019 -19.1591
0.730019 -18.9969
0.740019 -18.8355
0.750019 -18.6749
0.760019 -18.5152
0.770019 -18.3563
0.780019 -18.1982
0.790019 -18.041
0.800019 -17.8846
0.810019 -17.729
0.820019 -17.5743
0.830019 -17.4203
0.840019 -17.2672
0.850019 -17.1149
0.860019 -16.9634
0.870019 -16.8128
0.880019 -16.6629
0.890019 -16.5139
0.900019 -16.3656
0.910019 -16.2182
0.920019 -16.0715
0.930019 -15.9257
0.940019 -15.7806
0.950019 -15.6364
0.960019 -15.4929
0.970019 -15.3503
0.980018 -15.2084
0.990018 -15.0673
1.00002 -14.927
1.01002 -14.7875
1.02002 -14.6488
1.03002 -14.5109
1.04002 -14.3737
1.05002 -14.2373
1.06002 -14.1017
1.07002 -13.9669
1.08002 -13.8328
1.09002 -13.6995
1.10002 -13.567
1.11002 -13.4353
1.12002 -13.3043
1.13002 -13.174
1.14002 -13.0445
1.15002 -12.9158
1.16002 -12.7879
1.17002 -12.6607
1.18002 -12.5342
1.19002 -12.4085
1.20002 -12.2835
1.21002 -12.1593
1.22002 -12.0358
1.23002 -11.9131
1.24002 -11.7911
1.25002 -11.6699
1.26002 -11.5493
1.27002 -11.4296
1.28002 -11.3105
1.29002 -11.1922
1.30002 -11.0746
1.31002 -10.9577
1.32002 -10.8416
1.33002 -10.7262
1.34002 -10.6115
1.35002 -10.4975
1.36002 -10.3842
1.37002 -10.2717
1.38002 -10.1599
1.39002 -10.0487
1.40002 -9.93832
1.41002 -9.82861
1.42002 -9.7196
1.43002 -9.6113
1.44002 -9.50369
1.45002 -9.39679
1.46002 -9.29058
1.47002 -9.18507
1.48002 -9.08025
1.49002 -8.97612
1.50002 -8.87268
1.51002 -8.76993
1.52002 -8.66786
1.53002 -8.56648
1.54002 -8.46577
1.55002 -8.36575
1.56002 -8.2664
1.57002 -8.16773
1.58002 -8.06973
1.59002 -7.9724
1.60002 -7.87574
1.61002 -7.77975
1.62002 -7.68442
1.63002 -7.58976
1.64002 -7.49576
1.65002 -7.40242
1.66002 -7.30973
1.67002 -7.2177
1.68002 -7.12633
1.69002 -7.03561
1.70002 -6.94553
1.71002 -6.8561
1.72002 -6.76732
1.73002 -6.67919
1.74002 -6.59169
1.75002 -6.50484
1.76002 -6.41862
1.77002 -6.33304
1.78002 -6.24809
1.79002 -6.16378
1.80002 -6.08009
1.81002 -5.99703
1.82002 -5.9146
1.83002 -5.83279
1.84002 -5.75161
1.85002 -5.67105
1.86002 -5.5911
1.87002 -5.51177
1.88002 -5.43305
1.89002 -5.35495
1.90002 -5.27745
1.91002 -5.20057
1.92002 -5.12429
1.93002 -5.04862
1.94002 -4.97355
1.95002 -4.89908
1.96002 -4.8252
1.97002 -4.75193
1.98002 -4.67925
1.99002 -4.60716
2.00002 -4.53566
2.01002 -4.46476
2.02002 -4.39443
2.03002 -4.3247
2.04002 -4.25554
2.05002 -4.18697
2.06002 -4.11898
2.07002 -4.05156
2.08002 -3.98472
2.09002 -3.91845
2.10002 -3.85275
2.11002 -3.78762
2.12002 -3.72306
2.13002 -3.65907
2.14002 -3.59563
2.15002 -3.53276
2.16002 -3.47045
2.17002 -3.4087
2.18002 -3.3475
2.19002 -3.28685
2.20002 -3.22676
2.21002 -3.16721
2.22002 -3.10822
2.23002 -3.04977
2.24002 -2.99186
2.25002 -2.93449
2.26002 -2.87767
2.27002 -2.82138
2.28002 -2.76563
2.29002 -2.71041
2.30002 -2.65572
2.31002 -2.60156
2.32002 -2.54794
2.33002 -2.49483
2.34002 -2.44225
2.35002 -2.3902
2.36002 -2.33866
2.37002 -2.28764
2.38002 -2.23714
2.39002 -2.18715
2.40002 -2.13768
2.41002 -2.08871
2.42002 -2.04025
2.43002 -1.9923
2.44002 -1.94486
2.45002 -1.89791
2.46002 -1.85147
2.47002 -1.80552
2.48002 -1.76008
2.49002 -1.71512
2.50002 -1.67066
2.51002 -1.62669
2.52002 -1.58321
2.53002 -1.54021
2.54002 -1.4977
2.55002 -1.45568
2.56002 -1.41413
2.57002 -1.37306
2.58002 -1.33247
2.59002 -1.29236
2.60002 -1.25271
2.61002 -1.21354
2.62002 -1.17484
2.63002 -1.1366
2.64002 -1.09883
2.65002 -1.06153
2.66002 -1.02468
2.67002 -0.988294
2.68002 -0.952364
2.69002 -0.91689
2.70002 -0.88187
2.71002 -0.847301
2.72002 -0.813181
2.73002 -0.779509
2.74002 -0.746282
2.75002 -0.713499
2.76002 -0.681157
2.77002 -0.649256
2.78002 -0.617791
2.79002 -0.586762
2.80002 -0.556168
2.81002 -0.526005
2.82002 -0.496272
2.83002 -0.466967
2.84002 -0.438087
2.85002 -0.409632
2.86002 -0.381598
2.87002 -0.353985
2.88002 -0.32679
2.89002 -0.30001
2.90002 -0.273645
2.91002 -0.247692
2.92002 -0.222149
2.93002 -0.197015
2.94002 -0.172287
2.95002 -0.147963
2.96002 -0.124041
2.97002 -0.10052
2.98002 -0.0773969
2.99002 -0.054671
3.00002 -0.0323393
3.01002 -0.0104001
3.02002 0.0111492
3.03002 0.0323093
3.04002 0.0530825
3.05002 0.0734713
3.06002 0.0934772
3.07002 0.113103
3.08002 0.132349
3.09002 0.151219
3.10002 0.169713
3.11002 0.187835
3.12002 0.205586
3.13002 0.222968
3.14002 0.239983
3.15002 0.256633
3.16002 0.27292
3.17002 0.288846
3.18002 0.304412
3.19002 0.319621
3.20002 0.334475
3.21002 0.348976
3.22002 0.363125
3.23002 0.376925
3.24002 0.390378
3.25002 0.403485
3.26002 0.416249
3.27002 0.428671
3.28002 0.440754
3.29002 0.452499
3.30002 0.463909
3.31002 0.474984
3.32002 0.485729
3.33002 0.496143
3.34002 0.50623
3.35002 0.51599
3.36002 0.525427
3.37002 0.534543
3.38002 0.543338
3.39002 0.551815
3.40002 0.559976
3.41002 0.567824
3.42002 0.575359
3.43002 0.582584
3.44002 0.589501
3.45002 0.596111
3.46002 0.602418
3.47002 0.608422
3.48002 0.614126
3.49002 0.619532
3.50002 0.624641
3.51002 0.629456
3.52002 0.633979
3.53002 0.638211
3.54002 0.642154
3.55002 0.645811
3.56002 0.649183
3.57002 0.652273
3.58002 0.655082
3.59002 0.657612
3.60002 0.659866
3.61002 0.661845
3.62002 0.663551
3.63002 0.664986
3.64002 0.666152
3.65002 0.667051
3.66002 0.667686
3.67002 0.668057
3.68002 0.668168
3.69002 0.668019
3.70002 0.667613
3.71002 0.666952
3.72002 0.666038
3.73002 0.664872
3.74002 0.663458
3.75002 0.661796
3.76002 0.659889
3.77002 0.657738
3.78002 0.655346
3.79002 0.652714
3.80002 0.649845
3.81002 0.646741
3.82002 0.643403
3.83002 0.639833
3.84002 0.636034
3.85002 0.632007
3.86002 0.627754
3.87002 0.623278
3.88002 0.61858
3.89002 0.613662
3.90002 0.608526
3.91002 0.603174
3.92002 0.597608
3.93002 0.591831
3.94002 0.585843
3.95002 0.579647
3.96002 0.573246
3.97002 0.56664
3.98002 0.559832
3.99002 0.552823
4.00002 0.545617
4.01002 0.538214
4.02002 0.530617
4.03002 0.522827
4.04002 0.514847
4.05002 0.506679
4.06002 0.498324
4.07002 0.489784
4.08002 0.481062
4.09002 0.47216
4.10002 0.463079
4.11002 0.453821
4.12002 0.444389
4.13002 0.434783
4.14002 0.425008
4.15002 0.415063
4.16002 0.404951
4.17002 0.394675
4.18002 0.384236
4.19002 0.373635
4.20002 0.362876
4.21002 0.35196
4.22002 0.340888
4.23002 0.329664
4.24002 0.318289
4.25002 0.306764
4.26002 0.295092
4.27002 0.283275
4.28002 0.271314
4.29002 0.259212
4.30002 0.246971
4.31002 0.234593
4.32002 0.222079
4.33002 0.209431
4.34002 0.196653
4.35002 0.183744
4.36002 0.170708
4.37002 0.157547
4.38002 0.144261
4.39002 0.130854
4.40002 0.117328
4.41003 0.103683
4.42003 0.0899228
4.43003 0.0760487
4.44003 0.0620629
4.45003 0.047967
4.46003 0.0337631
4.47003 0.0194533
4.48003 0.00503943
4.49003 -0.00947648
4.50003 -0.0240925
4.51003 -0.0388066
4.52003 -0.0536169
4.53003 -0.0685215
4.54003 -0.0835182
4.55003 -0.0986052
4.56003 -0.113781
4.57003 -0.129042
4.58003 -0.144388
4.59003 -0.159817
4.60003 -0.175326
4.61003 -0.190914
4.62003 -0.206578
4.63003 -0.222316
4.64003 -0.238128
4.65003 -0.254009
4.66003 -0.26996
4.67003 -0.285977
4.68003 -0.302059
4.69003 -0.318204
4.70003 -0.33441
4.71003 -0.350675
4.72003 -0.366996
4.73003 -0.383373
4.74003 -0.399802
4.75003 -0.416283
4.76003 -0.432812
4.77003 -0.449389
4.78003 -0.466011
4.79003 -0.482676
4.80003 -0.499382
4.81003 -0.516128
4.82003 -0.53291
4.83003 -0.549728
4.84003 -0.56658
4.85004 -0.583462
4.86004 -0.600375
4.87004 -0.617314
4.88004 -0.63428
4.89004 -0.651268
4.90004 -0.668279
4.91004 -0.685309
4.92004 -0.702356
4.93004 -0.71942
4.94004 -0.736497
4.95004 -0.753586
4.96004 -0.770684
4.97004 -0.787791
4.98004 -0.804903
4.99004 -0.822019
5.00004 -0.839138

-5 1523.02
-4.99 1518.44
-4.98 1513.87
-4.97 1509.31
-4.96 1504.76
-4.95 1500.22
-4.94 1495.69
-4.93 1491.16
-4.92 1486.65
-4.91 1482.15
-4.9 1477.65
-4.89 1473.16
-4.88 1468.69
-4.87 1464.22
-4.86 1459.76
-4.85 1455.31
-4.84 1450.87
-4.83 1446.44
-4.82 1442.01
-4.81 1437.6
-4.8 1433.19
-4.79 1428.8
-4.77999 1424.41
-4.76999 1420.03
-4.75999 1415.66
-4.74999 1411.3
-4.73999 1406.95
-4.72999 1402.61
-4.71999 1398.28
-4.70999 1393.95
-4.69999 1389.64
-4.68999 1385.33
-4.67999 1381.03
-4.66999 1376.74
-4.65999 1372.46
-4.64999 1368.19
-4.63999 1363.93
-4.62999 1359.68
-4.61999 1355.43
-4.60999 1351.2
-4.59999 1346.97
-4.58999 1342.75
-4.57999 1338.54
-4.56999 1334.34
-4.55999 1330.15
-4.54999 1325.97
-4.53999 1321.79
-4.52999 1317.63
-4.51999 1313.47
-4.50999 1309.32
-4.49999 1305.18
-4.48999 1301.05
-4.47999 1296.93
-4.46999 1292.82
-4.45999 1288.71
-4.44999 1284.62
-4.43999 1280.53
-4.42999 1276.45
-4.41999 1272.38
-4.40999 1268.32
-4.39999 1264.27
-4.38999 1260.22
-4.37999 1256.19
-4.36999 1252.16
-4.35999 1248.14
-4.34999 1244.13
-4.33998 1240.13
-4.32998 1236.14
-4.31998 1232.16
-4.30998 1228.18
-4.29998 1224.22
-4.28998 1220.26
-4.27998 1216.31
-4.26998 1212.37
-4.25998 1208.43
-4.24998 1204.51
-4.23998 1200.59
-4.22998 1196.69
-4.21998 1192.79
-4.20998 1188.9
-4.19998 1185.02
-4.18998 1181.14
-4.17998 1177.28
-4.16998 1173.42
-4.15998 1169.57
-4.14998 1165.73
-4.13998 1161.9
-4.12998 1158.08
-4.11998 1154.27
-4.10998 1150.46
-4.09998 1146.66
-4.08998 1142.87
-4.07998 1139.09
-4.06998 1135.32
-4.05998 1131.55
-4.04998 1127.8
-4.03998 1124.05
-4.02998 1120.31
-4.01998 1116.58
-4.00998 1112.86
-3.99998 1109.14
-3.98998 1105.44
-3.97998 1101.74
-3.96998 1098.05
-3.95998 1094.37
-3.94998 1090.69
-3.93998 1087.03
-3.92998 1083.37
-3.91998 1079.72
-3.90998 1076.08
-3.89998 1072.45
-3.88998 1068.82
-3.87998 1065.21
-3.86998 1061.6
-3.85998 1058
-3.84998 1054.41
-3.83998 1050.82
-3.82998 1047.25
-3.81998 1043.68
-3.80998 1040.12
-3.79998 1036.57
-3.78998 1033.03
-3.77998 1029.49
-3.76998 1025.97
-3.75998 1022.45
-3.74998 1018.94
-3.73998 1015.43
-3.72998 1011.94
-3.71998 1008.45
-3.70998 1004.97
-3.69998 1001.5
-3.68998 998.039
-3.67998 994.584
-3.66998 991.137
-3.65998 987.699
-3.64998 984.268
-3.63998 980.844
-3.62998 977.429
-3.61998 974.022
-3.60998 970.622
-3.59998 967.231
-3.58998 963.847
-3.57998 960.472
-3.56998 957.104
-3.55998 953.744
-3.54998 950.392
-3.53998 947.048
-3.52998 943.711
-3.51998 940.383
-3.50998 937.062
-3.49998 933.749
-3.48998 930.444
-3.47998 927.146
-3.46998 923.857
-3.45998 920.575
-3.44998 917.301
-3.43998 914.034
-3.42998 910.776
-3.41998 907.525
-3.40998 904.282
-3.39998 901.046
-3.38998 897.819
-3.37998 894.599
-3.36998 891.386
-3.35998 888.182
-3.34998 884.985
-3.33998 881.796
-3.32998 878.614
-3.31998 875.44
-3.30998 872.274
-3.29998 869.115
-3.28998 865.964
-3.27998 862.82
-3.26998 859.684
-3.25998 856.556
-3.24998 853.435
-3.23998 850.322
-3.22998 847.216
-3.21998 844.118
-3.20998 841.028
-3.19998 837.944
-3.18998 834.869
-3.17998 831.801
-3.16998 828.741
-3.15998 825.688
-3.14998 822.642
-3.13998 819.604
-3.12998 816.573
-3.11998 813.55
-3.10998 810.535
-3.09998 807.527
-3.08998 804.526
-3.07998 801.532
-3.06998 798.547
-3.05998 795.568
-3.04998 792.597
-3.03998 789.633
-3.02998 786.677
-3.01998 783.728
-3.00998 780.786
-2.99998 777.852
-2.98998 774.925
-2.97998 772.005
-2.96998 769.093
-2.95998 766.188
-2.94998 763.29
-2.93998 760.4
-2.92998 757.517
-2.91998 754.641
-2.90998 751.772
-2.89998 748.911
-2.88998 746.057
-2.87998 743.21
-2.86998 740.371
-2.85998 737.538
-2.84998 734.713
-2.83998 731.895
-2.82998 729.084
-2.81998 726.281
-2.80998 723.484
-2.79998 720.695
-2.78998 717.913
-2.77998 715.138
-2.76998 712.37
-2.75998 709.61
-2.74998 706.856
-2.73998 704.11
-2.72998 701.37
-2.71998 698.638
-2.70998 695.913
-2.69998 693.195
-2.68998 690.484
-2.67998 687.78
-2.66998 685.083
-2.65998 682.393
-2.64998 679.71
-2.63998 677.034
-2.62998 674.365
-2.61998 671.704
-2.60998 669.049
-2.59998 666.401
-2.58998 663.76
-2.57998 661.126
-2.56998 658.499
-2.55998 655.879
-2.54998 653.266
-2.53998 650.66
-2.52998 648.06
-2.51998 645.468
-2.50998 642.883
-2.49998 640.304
-2.48998 637.732
-2.47998 635.168
-2.46998 632.61
-2.45998 630.059
-2.44998 627.514
-2.43998 624.977
-2.42998 622.447
-2.41998 619.923
-2.40998 617.406
-2.39998 614.896
-2.38998 612.392
-2.37998 609.896
-2.36998 607.406
-2.35998 604.923
-2.34998 602.447
-2.33998 599.977
-2.32998 597.514
-2.31998 595.058
-2.30998 592.609
-2.29998 590.166
-2.28998 587.73
-2.27998 585.301
-2.26998 582.878
-2.25998 580.462
-2.24998 578.053
-2.23998 575.65
-2.22998 573.254
-2.21998 570.865
-2.20998 568.482
-2.19998 566.106
-2.18998 563.737
-2.17998 561.374
-2.16998 559.017
-2.15998 556.668
-2.14998 554.325
-2.13998 551.988
-2.12998 549.658
-2.11998 547.334
-2.10998 545.017
-2.09998 542.707
-2.08998 540.403
-2.07998 538.105
-2.06998 535.815
-2.05998 533.53
-2.04998 531.252
-2.03998 528.98
-2.02998 526.716
-2.01998 524.457
-2.00998 522.205
-1.99998 519.959
-1.98998 517.72
-1.97998 515.487
-1.96998 513.26
-1.95998 511.04
-1.94998 508.826
-1.93998 506.619
-1.92998 504.418
-1.91998 502.223
-1.90998 500.035
-1.89998 497.853
-1.88998 495.678
-1.87998 493.508
-1.86998 491.345
-1.85998 489.189
-1.84998 487.038
-1.83998 484.894
-1.82998 482.757
-1.81998 480.625
-1.80998 478.5
-1.79998 476.381
-1.78998 474.268
-1.77998 472.161
-1.76998 470.061
-1.75998 467.967
-1.74998 465.879
-1.73998 463.797
-1.72998 461.722
-1.71998 459.652
-1.70998 457.589
-1.69998 455.532
-1.68998 453.481
-1.67998 451.436
-1.66998 449.398
-1.65998 447.365
-1.64998 445.339
-1.63998 443.318
-1.62998 441.304
-1.61998 439.296
-1.60998 437.294
-1.59998 435.298
-1.58998 433.308
-1.57998 431.324
-1.56998 429.346
-1.55998 427.374
-1.54998 425.409
-1.53998 423.449
-1.52998 421.495
-1.51998 419.547
-1.50998 417.605
-1.49998 415.67
-1.48998 413.74
-1.47998 411.816
-1.46998 409.898
-1.45998 407.986
-1.44998 406.079
-1.43998 404.179
-1.42998 402.285
-1.41998 400.397
-1.40998 398.514
-1.39998 396.637
-1.38998 394.767
-1.37998 392.902
-1.36998 391.043
-1.35998 389.189
-1.34998 387.342
-1.33998 385.501
-1.32998 383.665
-1.31998 381.835
-1.30998 380.011
-1.29998 378.192
-1.28998 376.38
-1.27998 374.573
-1.26998 372.772
-1.25998 370.977
-1.24998 369.187
-1.23998 367.403
-1.22998 365.625
-1.21998 363.853
-1.20998 362.086
-1.19998 360.325
-1.18998 358.57
-1.17998 356.821
-1.16998 355.077
-1.15998 353.338
-1.14998 351.606
-1.13998 349.879
-1.12998 348.158
-1.11998 346.442
-1.10998 344.732
-1.09998 343.027
-1.08998 341.328
-1.07998 339.635
-1.06998 337.947
-1.05998 336.265
-1.04998 334.589
-1.03998 332.918
-1.02998 331.252
-1.01998 329.592
-1.00998 327.938
-0.99998 326.289
-0.98998 324.645
-0.97998 323.008
-0.96998 321.375
-0.95998 319.748
-0.94998 318.127
-0.93998 316.511
-0.92998 314.9
-0.91998 313.295
-0.90998 311.695
-0.89998 310.101
-0.88998 308.512
-0.87998 306.928
-0.86998 305.35
-0.85998 303.778
-0.84998 302.21
-0.83998 300.648
-0.82998 299.092
-0.81998 297.541
-0.80998 295.995
-0.79998 294.454
-0.78998 292.919
-0.77998 291.389
-0.76998 289.864
-0.75998 288.345
-0.74998 286.831
-0.73998 285.322
-0.72998 283.819
-0.71998 282.32
-0.70998 280.827
-0.69998 279.34
-0.689981 277.857
-0.679981 276.38
-0.669981 274.908
-0.659981 273.441
-0.649981 271.979
-0.639981 270.522
-0.629981 269.071
-0.619981 267.625
-0.609981 266.184
-0.599981 264.748
-0.589981 263.317
-0.579981 261.892
-0.569981 260.471
-0.559981 259.056
-0.549981 257.645
-0.539981 256.24
-0.529981 254.84
-0.519981 253.445
-0.509981 252.055
-0.499981 250.67
-0.489981 249.29
-0.479981 247.915
-0.469981 246.546
-0.459981 245.181
-0.449981 243.821
-0.439981 242.466
-0.429981 241.116
-0.419981 239.772
-0.409981 238.432
-0.399981 237.097
-0.389981 235.767
-0.379981 234.442
-0.369981 233.122
-0.359981 231.807
-0.349981 230.497
-0.339981 229.191
-0.329981 227.891
-0.319981 226.595
-0.309981 225.305
-0.299981 224.019
-0.289981 222.738
-0.279981 221.462
-0.269981 220.191
-0.259981 218.925
-0.249981 217.663
-0.239981 216.406
-0.229981 215.155
-0.219981 213.907
-0.209981 212.665
-0.199981 211.428
-0.189981 210.195
-0.179981 208.967
-0.169981 207.744
-0.159981 206.525
-0.149981 205.311
-0.139981 204.102
-0.129981 202.898
-0.119981 201.698
-0.109981 200.503
-0.0999809 199.313
-0.0899809 198.128
-0.0799809 196.947
-0.0699809 195.77
-0.0599809 194.599
-0.0499809 193.432
-0.0399809 192.27
-0.0299809 191.112
-0.0199809 189.959
-0.00998086 188.81
1.91445e-05 187.667
0.0100191 186.527
0.0200191 185.393
0.0300191 184.262
0.0400191 183.137
0.0500191 182.016
0.0600191 180.899
0.0700191 179.787
0.0800191 178.68
0.0900191 177.577
0.100019 176.479
0.110019 175.385
0.120019 174.295
0.130019 173.21
0.140019 172.13
0.150019 171.054
0.160019 169.982
0.170019 168.915
0.180019 167.853
0.190019 166.794
0.200019 165.74
0.210019 164.691
0.220019 163.646
0.230019 162.605
0.240019 161.569
0.250019 160.537
0.260019 159.509
0.270019 158.486
0.280019 157.467
0.290019 156.453
0.300019 155.443
0.310019 154.437
0.320019 153.435
0.330019 152.438
0.340019 151.445
0.350019 150.456
0.360019 149.471
0.370019 148.491
0.380019 147.515
0.390019 146.543
0.400019 145.576
0.410019 144.613
0.420019 143.654
0.430019 142.699
0.440019 141.748
0.450019 140.801
0.460019 139.859
0.470019 138.921
0.480019 137.987
0.490019 137.057
0.500019 136.131
0.510019 135.21
0.520019 134.292
0.530019 133.379
0.540019 132.47
0.550019 131.564
0.560019 130.663
0.570019 129.766
0.580019 128.873
0.590019 127.984
0.600019 127.1
0.610019 126.219
0.620019 125.342
0.630019 124.469
0.640019 123.6
0.650019 122.736
0.660019 121.875
0.670019 121.018
0.680019 120.165
0.690019 119.316
0.700019 118.471
0.710019 117.63
0.720019 116.793
0.730019 115.96
0.740019 115.131
0.750019 114.306
0.760019 113.485
0.770019 112.667
0.780019 111.853
0.790019 111.044
0.800019 110.238
0.810019 109.436
0.820019 108.638
0.830019 107.843
0.840019 107.053
0.850019 106.266
0.860019 105.483
0.870019 104.704
0.880019 103.929
0.890019 103.157
0.900019 102.39
0.910019 101.626
0.920019 100.865
0.930019 100.109
0.940019 99.3562
0.950019 98.6071
0.960019 97.8618
0.970019 97.1202
0.980018 96.3823
0.990018 95.6481
1.00002 94.9175
1.01002 94.1907
1.02002 93.4675
1.03002 92.7479
1.04002 92.032
1.05002 91.3197
1.06002 90.611
1.07002 89.906
1.08002 89.2046
1.09002 88.5067
1.10002 87.8125
1.11002 87.1218
1.12002 86.4347
1.13002 85.7511
1.14002 85.0711
1.15002 84.3947
1.16002 83.7217
1.17002 83.0523
1.18002 82.3865
1.19002 81.7241
1.20002 81.0652
1.21002 80.4098
1.22002 79.7579
1.23002 79.1094
1.24002 78.4644
1.25002 77.8229
1.26002 77.1847
1.27002 76.5501
1.28002 75.9188
1.29002 75.291
1.30002 74.6665
1.31002 74.0455
1.32002 73.4278
1.33002 72.8136
1.34002 72.2026
1.35002 71.5951
1.36002 70.9909
1.37002 70.39
1.38002 69.7925
1.39002 69.1983
1.40002 68.6074
1.41002 68.0198
1.42002 67.4354
1.43002 66.8544
1.44002 66.2767
1.45002 65.7022
1.46002 65.131
1.47002 64.563
1.48002 63.9983
1.49002 63.4368
1.50002 62.8785
1.51002 62.3234
1.52002 61.7715
1.53002 61.2228
1.54002 60.6773
1.55002 60.135
1.56002 59.5959
1.57002 59.0599
1.58002 58.527
1.59002 57.9973
1.60002 57.4707
1.61002 56.9472
1.62002 56.4269
1.63002 55.9096
1.64002 55.3954
1.65002 54.8844
1.66002 54.3763
1.67002 53.8714
1.68002 53.3695
1.69002 52.8707
1.70002 52.3748
1.71002 51.8821
1.72002 51.3923
1.73002 50.9056
1.74002 50.4218
1.75002 49.941
1.76002 49.4633
1.77002 48.9885
1.78002 48.5166
1.79002 48.0477
1.80002 47.5818
1.81002 47.1188
1.82002 46.6587
1.83002 46.2015
1.84002 45.7473
1.85002 45.2959
1.86002 44.8474
1.87002 44.4019
1.88002 43.9591
1.89002 43.5193
1.90002 43.0823
1.91002 42.6481
1.92002 42.2168
1.93002 41.7883
1.94002 41.3626
1.95002 40.9398
1.96002 40.5197
1.97002 40.1024
1.98002 39.6879
1.99002 39.2762
2.00002 38.8672
2.01002 38.461
2.02002 38.0575
2.03002 37.6568
2.04002 37.2588
2.05002 36.8635
2.06002 36.4709
2.07002 36.081
2.08002 35.6938
2.09002 35.3092
2.10002 34.9274
2.11002 34.5482
2.12002 34.1716
2.13002 33.7977
2.14002 33.4264
2.15002 33.0578
2.16002 32.6918
2.17002 32.3283
2.18002 31.9675
2.19002 31.6093
2.20002 31.2536
2.21002 30.9005
2.22002 30.55
2.23002 30.202
2.24002 29.8565
2.25002 29.5136
2.26002 29.1732
2.27002 28.8354
2.28002 28.5
2.29002 28.1671
2.30002 27.8367
2.31002 27.5088
2.32002 27.1834
2.33002 26.8604
2.34002 26.5398
2.35002 26.2217
2.36002 25.9061
2.37002 25.5928
2.38002 25.282
2.39002 24.9736
2.40002 24.6675
2.41002 24.3639
2.42002 24.0626
2.43002 23.7637
2.44002 23.4672
2.45002 23.173
2.46002 22.8811
2.47002 22.5916
2.48002 22.3044
2.49002 22.0195
2.50002 21.7369
2.51002 21.4566
2.52002 21.1786
2.53002 20.9029
2.54002 20.6294
2.55002 20.3582
2.56002 20.0892
2.57002 19.8225
2.58002 19.558
2.59002 19.2957
2.60002 19.0357
2.61002 18.7778
2.62002 18.5221
2.63002 18.2686
2.64002 18.0173
2.65002 17.7682
2.66002 17.5212
2.67002 17.2763
2.68002 17.0336
2.69002 16.7931
2.70002 16.5546
2.71002 16.3182
2.72002 16.084
2.73002 15.8518
2.74002 15.6218
2.75002 15.3938
2.76002 15.1678
2.77002 14.9439
2.78002 14.7221
2.79002 14.5023
2.80002 14.2845
2.81002 14.0688
2.82002 13.855
2.83002 13.6433
2.84002 13.4335
2.85002 13.2258
2.86002 13.02
2.87002 12.8161
2.88002 12.6143
2.89002 12.4143
2.90002 12.2163
2.91002 12.0203
2.92002 11.8261
2.93002 11.6339
2.94002 11.4435
2.95002 11.255
2.96002 11.0685
2.97002 10.8838
2.98002 10.7009
2.99002 10.5199
3.00002 10.3408
3.01002 10.1635
3.02002 9.98799
3.03002 9.81432
3.04002 9.64246
3.05002 9.47239
3.06002 9.30412
3.07002 9.13762
3.08002 8.9729
3.09002 8.80994
3.10002 8.64873
3.11002 8.48926
3.12002 8.33153
3.13002 8.17552
3.14002 8.02123
3.15002 7.86865
3.16002 7.71776
3.17002 7.56856
3.18002 7.42104
3.19002 7.27518
3.20002 7.13099
3.21002 6.98845
3.22002 6.84756
3.23002 6.70829
3.24002 6.57065
3.25002 6.43463
3.26002 6.30021
3.27002 6.16739
3.28002 6.03615
3.29002 5.90649
3.30002 5.7784
3.31002 5.65187
3.32002 5.52689
3.33002 5.40346
3.34002 5.28155
3.35002 5.16117
3.36002 5.0423
3.37002 4.92493
3.38002 4.80907
3.39002 4.69468
3.40002 4.58178
3.41002 4.47034
3.42002 4.36036
3.43002 4.25183
3.44002 4.14474
3.45002 4.03909
3.46002 3.93485
3.47002 3.83203
3.48002 3.73061
3.49002 3.63059
3.50002 3.53195
3.51002 3.43469
3.52002 3.33879
3.53002 3.24425
3.54002 3.15106
3.55002 3.05921
3.56002 2.96869
3.57002 2.8795
3.58002 2.79161
3.59002 2.70503
3.60002 2.61974
3.61002 2.53573
3.62002 2.453
3.63002 2.37154
3.64002 2.29133
3.65002 2.21237
3.66002 2.13465
3.67002 2.05816
3.68002 1.98289
3.69002 1.90883
3.70002 1.83597
3.71002 1.7643
3.72002 1.69382
3.73002 1.62451
3.74002 1.55637
3.75002 1.48938
3.76002 1.42355
3.77002 1.35884
3.78002 1.29527
3.79002 1.23282
3.80002 1.17147
3.81002 1.11123
3.82002 1.05208
3.83002 0.994008
3.84002 0.937013
3.85002 0.881082
3.86002 0.826205
3.87002 0.772375
3.88002 0.719582
3.89002 0.667816
3.90002 0.617069
3.91002 0.56733
3.92002 0.518592
3.93002 0.470844
3.94002 0.424079
3.95002 0.378285
3.96002 0.333455
3.97002 0.28958
3.98002 0.246649
3.99002 0.204654
4.00002 0.163586
4.01002 0.123434
4.02002 0.0841902
4.03002 0.045846
4.04002 0.00839162
4.05002 -0.0281819
4.06002 -0.0638839
4.07002 -0.0987235
4.08002 -0.13271
4.09002 -0.165852
4.10002 -0.198159
4.11002 -0.229641
4.12002 -0.260306
4.13002 -0.290163
4.14002 -0.319223
4.15002 -0.347493
4.16002 -0.374983
4.17002 -0.401703
4.18002 -0.427661
4.19002 -0.452867
4.20002 -0.47733
4.21002 -0.501058
4.22002 -0.524062
4.23002 -0.54635
4.24002 -0.567932
4.25002 -0.588817
4.26002 -0.609013
4.27002 -0.62853
4.28002 -0.647378
4.29002 -0.665565
4.30002 -0.683101
4.31002 -0.699994
4.32002 -0.716255
4.33002 -0.731891
4.34002 -0.746913
4.35002 -0.761329
4.36002 -0.775149
4.37002 -0.788382
4.38002 -0.801036
4.39002 -0.813122
4.40002 -0.824648
4.41003 -0.835624
4.42003 -0.846058
4.43003 -0.85596
4.44003 -0.86534
4.45003 -0.874205
4.46003 -0.882566
4.47003 -0.890432
4.48003 -0.897811
4.49003 -0.904713
4.50003 -0.911147
4.51003 -0.917123
4.52003 -0.922648
4.53003 -0.927734
4.54003 -0.932388
4.55003 -0.936621
4.56003 -0.94044
4.57003 -0.943856
4.58003 -0.946877
4.59003 -0.949513
4.60003 -0.951773
4.61003 -0.953666
4.62003 -0.955201
4.63003 -0.956387
4.64003 -0.957234
4.65003 -0.957751
4.66003 -0.957946
4.67003 -0.95783
4.68003 -0.957411
4.69003 -0.956698
4.70003 -0.955701
4.71003 -0.954428
4.72003 -0.95289
4.73003 -0.951095
4.74003 -0.949052
4.75003 -0.94677
4.76003 -0.94426
4.77003 -0.941529
4.78003 -0.938587
4.79003 -0.935443
4.80003 -0.932106
4.81003 -0.928586
4.82003 -0.924892
4.83003 -0.921033
4.84003 -0.917018
4.85004 -0.912855
4.86004 -0.908556
4.87004 -0.904128
4.88004 -0.89958
4.89004 -0.894923
4.90004 -0.890165
4.91004 -0.885315
4.92004 -0.880382
4.93004 -0.875376
4.94004 -0.870306
4.95004 -0.865181
4.96004 -0.86001
4.97004 -0.854802
4.98004 -0.849567
4.99004 -0.844314
5.00004 -0.839051

