16 1 5.41304
16 2 4.83293
16 3 4.61669
16 4 4.509
16 5 4.44322
16 6 4.39776
16 7 4.36443
16 8 4.33948
16 9 4.32076
16 10 4.30682
16 11 4.29657
16 12 4.28914
16 13 4.28384
16 14 4.28014
16 15 4.27759
16 16 4.27589
16 17 4.27479
16 18 4.27411
16 19 4.27372
16 20 4.27353
16 21 4.27348
16 22 4.27351
16 23 4.27359
16 24 4.2737
16 25 4.27383
16 26 4.27395
16 27 4.27408
16 28 4.2742
16 29 4.2743
16 30 4.2744
16 31 4.27449
16 32 4.27457
16 33 4.27464
16 34 4.2747
16 35 4.27476
16 36 4.2748
16 37 4.27484
16 38 4.27488
16 39 4.27491
16 40 4.27493
16 41 4.27496
16 42 4.27498
16 43 4.27499
16 44 4.27501
16 45 4.27502
16 46 4.27503
16 47 4.27504
16 48 4.27504
16 49 4.27505
16 50 4.27506
16 51 4.27506
16 52 4.27507
16 53 4.27507
16 54 4.27507
16 55 4.27508
16 56 4.27508
16 57 4.27508
16 58 4.27508
16 59 4.27508
16 60 4.27508
16 61 4.27508
16 62 4.27509
16 63 4.27509
16 64 4.27509
16 65 4.27509
16 66 4.27509
8 67 4.51299
8 68 4.51062
8 69 4.50986
8 70 4.50935
8 71 4.50896
8 72 4.50866
8 73 4.50842
8 74 4.50822
8 75 4.50805
8 76 4.50792
8 77 4.50781
8 78 4.50772
8 79 4.50764
8 80 4.50757
8 81 4.50751
8 82 4.50746
8 83 4.50742
8 84 4.50739
8 85 4.50736
8 86 4.50733
8 87 4.50731
8 88 4.50729
8 89 4.50727
8 90 4.50726
8 91 4.50724
8 92 4.50723
8 93 4.50722
8 94 4.50721
8 95 4.5072
8 96 4.5072
8 97 4.50719
8 98 4.50718
8 99 4.50718
8 100 4.50718
8 101 4.50717
8 102 4.50717
8 103 4.50717
8 104 4.50716
8 105 4.50716
8 106 4.50716
8 107 4.50715
8 108 4.50715
8 109 4.50715
8 110 4.50715
8 111 4.50715
4 112 4.5724
4 113 4.57215
4 114 4.57211
4 115 4.57208
4 116 4.57206
4 117 4.57204
4 118 4.57202
4 119 4.57201
4 120 4.572
4 121 4.57198
4 122 4.57197
4 123 4.57196
4 124 4.57195
4 125 4.57195
4 126 4.57194
4 127 4.57193
4 128 4.57192
4 129 4.57192
4 130 4.57191
4 131 4.57191
4 132 4.5719
4 133 4.57189
4 134 4.57188
4 135 4.57188
4 136 4.57188
4 137 4.57187
4 138 4.57187
4 139 4.57186
4 140 4.57186
4 141 4.57186
4 142 4.57186
4 143 4.57186
4 144 4.57185
4 145 4.57184
4 146 4.57184
4 147 4.57184
4 148 4.57184
4 149 4.57183
4 150 4.57183
4 151 4.57183
4 152 4.57183
4 153 4.57183
4 154 4.57182
4 155 4.57182
4 156 4.57182
4 157 4.57182
4 158 4.57182
4 159 4.57182
4 160 4.57182
4 161 4.57181
4 162 4.57181
4 163 4.57181
4 164 4.57181
4 165 4.57181
4 166 4.57181
2 167 4.58849
2 168 4.58847
2 169 4.58845
2 170 4.58846
2 171 4.58846
2 172 4.58846
1 173 4.59265
1 174 4.59265
1 175 4.59265
1 176 4.59265
1 177 4.59264
1 178 4.59265
1 179 4.59264
1 180 4.59265
1 181 4.59265
1 182 4.59264
1 183 4.59265
1 184 4.59264
1 185 4.59264
1 186 4.59264
1 187 4.59263
1 188 4.59263
1 189 4.59264
1 190 4.59263
1 191 4.59263
1 192 4.59263
1 193 4.59264
1 194 4.59264
