-------------------Milne-------------------
        D[w][0]     	      D[w][w]
0.4420869487981512	0.4420869487981512
-0.2629250305176141	-0.4979290236228692
-0.1858089502309906	-0.13758189456962144
-0.18647927582051171	-0.18928383568347176
-0.18648678682933928	-0.1864321618622192
-0.18648689433747734	-0.18648718364224048
-0.1864868959824031	-0.18648689567190593
-0.18648689600797377	-0.18648689600842197
-0.1864868960083728	-0.18648689600837912


                 D[w][k]
0.4420869487981512 
-0.2629250305176141 -0.4979290236228692 
-0.1858089502309906 -0.16010359013544942 -0.13758189456962144 
-0.18647927582051171 -0.18670271768368543 -0.18847599285356784 -0.18928383568347176 
-0.18648678682933928 -0.18648929049894847 -0.18647506201996603 -0.18644330121308345 -0.1864321618622192 
-0.18648689433747734 -0.18648693017352336 -0.18648677281849502 -0.18648695870418597 -0.18648712991003344 -0.18648718364224048 
-0.1864868959824031 -0.18648689653071168 -0.18648689428785756 -0.18648689621594267 -0.18648689597089071 -0.1864868957422112 -0.18648689567190593 
-0.18648689600797377 -0.18648689601649734 -0.18648689598221638 -0.18648689600911095 -0.18648689600829985 -0.18648689600833643 -0.18648689600840143 -0.18648689600842197 
-0.1864868960083728 -0.1864868960085058 -0.18648689600797302 -0.18648689600838186 -0.186486896008379 -0.1864868960083791 -0.18648689600837912 -0.18648689600837912 -0.18648689600837912 
