-------------------Simpson-------------------
        D[w][0]     	      D[w][w]
-0.09714104985674321	-0.09714104985674321
0.4083851988822203	0.5768939484618748
-0.22096814118012442	-0.4979290236228691
-0.18800639966531144	-0.1547412816673951
-0.1865747210608117	-0.18725192074134955
-0.18649228271880633	-0.18648264554685773
-0.18648723111131033	-0.18648690105022012
-0.1864869169279598	-0.18648689600774296
-0.18648689731547266	-0.1864868960083792


                 D[w][k]
-0.09714104985674321 
0.4083851988822203 0.5768939484618748 
-0.22096814118012442 -0.43075258786757264 -0.4979290236228691 
-0.18800639966531144 -0.17701915249370712 -0.1601035901354494 -0.1547412816673951 
-0.1865747210608117 -0.1860974948593118 -0.18670271768368543 -0.18712492605746694 -0.18725192074134955 
-0.18649228271880633 -0.18646480327147122 -0.1864892904989485 -0.18648590276585744 -0.18648339679216486 -0.18648264554685773 
-0.18648723111131033 -0.18648554724214497 -0.18648693017352322 -0.18648689270804025 -0.18648689659016646 -0.18648690001127888 -0.18648690105022012 
-0.1864869169279598 -0.1864868122001763 -0.1864868965307117 -0.18648689599669885 -0.18648689600959556 -0.18648689600902804 -0.1864868960080507 -0.18648689600774296 
-0.18648689731547266 -0.18648689077797695 -0.18648689601649698 -0.18648689600833485 -0.18648689600838048 -0.18648689600837928 -0.18648689600837914 -0.18648689600837917 -0.1864868960083792 
