0.999992
0.999992
0.999992
0.999992
0.999992
0.999992
0.999992
0.999991
0.999991
0.999991
0.999991
0.999991
0.999991
0.999991
0.999991
0.999991
0.999991
0.999991
0.99999
0.99999
0.99999
0.99999
0.99999
0.99999
0.99999
0.99999
0.99999
0.999989
0.999989
0.999989
0.999989
0.999989
0.999989
0.999989
0.999988
0.999988
0.999988
0.999988
0.999988
0.999988
0.999988
0.999987
0.999987
0.999987
0.999987
0.999987
0.999987
0.999986
0.999986
0.999986
0.999986
0.999986
0.999985
0.999985
0.999985
0.999985
0.999985
0.999984
0.999984
0.999984
0.999984
0.999984
0.999983
0.999983
0.999983
0.999983
0.999983
0.999982
0.999982
0.999982
0.999982
0.999982
0.999981
0.999981
0.999981
0.999981
0.99998
0.99998
0.99998
0.99998
0.999979
0.999979
0.999979
0.999979
0.999978
0.999978
0.999978
0.999977
0.999977
0.999977
0.999977
0.999976
0.999976
0.999976
0.999976
0.999975
0.999975
0.999975
0.999974
0.999974
0.999974
0.999973
0.999973
0.999973
0.999972
0.999972
0.999972
0.999972
0.999971
0.999971
0.999971
0.99997
0.99997
0.99997
0.999969
0.999969
0.999968
0.999968
0.999968
0.999967
0.999967
0.999967
0.999966
0.999966
0.999966
0.999965
0.999965
0.999964
0.999964
0.999964
0.999963
0.999963
0.999962
0.999962
0.999962
0.999961
0.999961
0.99996
0.99996
0.999959
0.999959
0.999959
0.999958
0.999958
0.999957
0.999957
0.999956
0.999956
0.999955
0.999955
0.999955
0.999954
0.999954
0.999953
0.999953
0.999952
0.999952
0.999951
0.999951
0.99995
0.99995
0.999949
0.999949
0.999948
0.999948
0.999947
0.999947
0.999946
0.999946
0.999945
0.999944
0.999944
0.999943
0.999943
0.999942
0.999942
0.999941
0.999941
0.99994
0.999939
0.999939
0.999938
0.999938
0.999937
0.999936
0.999936
0.999935
0.999935
0.999934
0.999933
0.999933
0.999932
0.999932
0.999931
0.99993
0.99993
0.999929
0.999928
0.999928
0.999927
0.999926
0.999926
0.999925
0.999924
0.999924
0.999923
0.999922
0.999922
0.999921
0.99992
0.999919
0.999919
0.999918
0.999917
0.999917
0.999916
0.999915
0.999914
0.999914
0.999913
0.999912
0.999911
0.99991
0.99991
0.999909
0.999908
0.999907
0.999907
0.999906
0.999905
0.999904
0.999903
0.999903
0.999902
0.999901
0.9999
0.999899
0.999898
0.999898
0.999897
0.999896
0.999895
0.999894
0.999893
0.999892
0.999891
0.999891
0.99989
0.999889
0.999888
0.999887
0.999886
0.999885
0.999884
0.999883
0.999882
0.999881
0.99988
0.999879
0.999878
0.999877
0.999876
0.999876
0.999875
0.999874
0.999873
0.999872
0.999871
0.99987
0.999868
0.999867
0.999866
0.999865
0.999864
0.999863
0.999862
0.999861
0.99986
0.999859
0.999858
0.999857
0.999856
0.999855
0.999854
0.999852
0.999851
0.99985
0.999849
0.999848
0.999847
0.999846
0.999845
0.999843
0.999842
0.999841
0.99984
0.999839
0.999837
0.999836
0.999835
0.999834
0.999833
0.999831
0.99983
0.999829
0.999828
0.999826
0.999825
0.999824
0.999823
0.999821
0.99982
0.999819
0.999818
0.999816
0.999815
0.999814
0.999812
0.999811
0.99981
0.999808
0.999807
0.999806
0.999804
0.999803
0.999801
0.9998
0.999799
0.999797
0.999796
0.999794
0.999793
0.999792
0.99979
0.999789
0.999787
0.999786
0.999784
0.999783
0.999781
0.99978
0.999778
0.999777
0.999775
0.999774
0.999772
0.999771
0.999769
0.999768
0.999766
0.999765
0.999763
0.999761
0.99976
0.999758
0.999757
0.999755
0.999753
0.999752
0.99975
0.999749
0.999747
0.999745
0.999744
0.999742
0.99974
0.999739
0.999737
0.999735
0.999733
0.999732
0.99973
0.999728
0.999727
0.999725
0.999723
0.999721
0.99972
0.999718
0.999716
0.999714
0.999712
0.999711
0.999709
0.999707
0.999705
0.999703
0.999701
0.999699
0.999698
0.999696
0.999694
0.999692
0.99969
0.999688
0.999686
0.999684
0.999682
0.99968
0.999678
0.999676
0.999674
0.999673
0.999671
0.999669
0.999667
0.999664
0.999662
0.99966
0.999658
0.999656
0.999654
0.999652
0.99965
0.999648
0.999646
0.999644
0.999642
0.99964
0.999637
0.999635
0.999633
0.999631
0.999629
0.999627
0.999624
0.999622
0.99962
0.999618
0.999616
0.999613
0.999611
0.999609
0.999607
0.999604
0.999602
0.9996
0.999597
0.999595
0.999593
0.999591
0.999588
0.999586
0.999583
0.999581
0.999579
0.999576
0.999574
0.999572
0.999569
0.999567
0.999564
0.999562
0.999559
0.999557
0.999554
0.999552
0.999549
0.999547
0.999544
0.999542
0.999539
0.999537
0.999534
0.999532
0.999529
0.999527
0.999524
0.999521
0.999519
0.999516
0.999514
0.999511
0.999508
0.999506
0.999503
0.9995
0.999498
0.999495
0.999492
0.999489
0.999487
0.999484
0.999481
0.999478
0.999476
0.999473
0.99947
0.999467
0.999464
0.999462
0.999459
0.999456
0.999453
0.99945
0.999447
0.999444
0.999441
0.999439
0.999436
0.999433
0.99943
0.999427
0.999424
0.999421
0.999418
0.999415
0.999412
0.999409
0.999406
0.999403
0.9994
0.999397
0.999393
0.99939
0.999387
0.999384
0.999381
0.999378
0.999375
0.999372
0.999368
0.999365
0.999362
0.999359
0.999356
0.999352
0.999349
0.999346
0.999343
0.999339
0.999336
0.999333
0.99933
0.999326
0.999323
0.99932
0.999316
0.999313
0.999309
0.999306
0.999303
0.999299
0.999296
0.999292
0.999289
0.999285
0.999282
0.999279
0.999275
0.999272
0.999268
0.999264
0.999261
0.999257
0.999254
0.99925
0.999247
0.999243
0.999239
0.999236
0.999232
0.999229
0.999225
0.999221
0.999218
0.999214
0.99921
0.999206
0.999203
0.999199
0.999195
0.999191
0.999188
0.999184
0.99918
0.999176
0.999172
0.999169
0.999165
0.999161
0.999157
0.999153
0.999149
0.999145
0.999141
0.999137
0.999133
0.999129
0.999125
0.999121
0.999117
0.999113
0.999109
0.999105
0.999101
0.999097
0.999093
0.999089
0.999085
0.999081
0.999077
0.999073
0.999068
0.999064
0.99906
0.999056
0.999052
0.999047
0.999043
0.999039
0.999035
0.99903
0.999026
0.999022
0.999017
0.999013
0.999009
0.999004
0.999
0.998996
0.998991
0.998987
0.998982
0.998978
0.998974
0.998969
0.998965
0.99896
0.998956
0.998951
0.998947
0.998942
0.998937
0.998933
0.998928
0.998924
0.998919
0.998914
0.99891
0.998905
0.998901
0.998896
0.998891
0.998886
0.998882
0.998877
0.998872
0.998867
0.998863
0.998858
0.998853
0.998848
0.998843
0.998839
0.998834
0.998829
0.998824
0.998819
0.998814
0.998809
0.998804
0.998799
0.998794
0.998789
0.998784
0.998779
0.998774
0.998769
0.998764
0.998759
0.998754
0.998749
0.998744
0.998739
0.998734
0.998729
0.998723
0.998718
0.998713
0.998708
0.998703
0.998697
0.998692
0.998687
0.998682
0.998676
0.998671
0.998666
0.99866
0.998655
0.99865
0.998644
0.998639
0.998633
0.998628
0.998623
0.998617
0.998612
0.998606
0.998601
0.998595
0.99859
0.998584
0.998578
0.998573
0.998567
0.998562
0.998556
0.99855
0.998545
0.998539
0.998534
0.998528
0.998522
0.998516
0.998511
0.998505
0.998499
0.998493
0.998488
0.998482
0.998476
0.99847
0.998464
0.998458
0.998452
0.998447
0.998441
0.998435
0.998429
0.998423
0.998417
0.998411
0.998405
0.998399
0.998393
0.998387
0.998381
0.998375
0.998369
0.998362
0.998356
0.99835
0.998344
0.998338
0.998332
0.998325
0.998319
0.998313
0.998307
0.9983
0.998294
0.998288
0.998282
0.998275
0.998269
0.998262
0.998256
0.99825
0.998243
0.998237
0.99823
0.998224
0.998218
0.998211
0.998205
0.998198
0.998191
0.998185
0.998178
0.998172
0.998165
0.998159
0.998152
0.998145
0.998139
0.998132
0.998125
0.998119
0.998112
0.998105
0.998098
0.998092
0.998085
0.998078
0.998071
0.998064
0.998057
0.998051
0.998044
0.998037
0.99803
0.998023
0.998016
0.998009
0.998002
0.997995
0.997988
0.997981
0.997974
0.997967
0.99796
0.997953
0.997946
0.997939
0.997931
0.997924
0.997917
0.99791
0.997903
0.997895
0.997888
0.997881
0.997874
0.997866
0.997859
0.997852
0.997844
0.997837
0.99783
0.997822
0.997815
0.997807
0.9978
0.997793
0.997785
0.997778
0.99777
0.997763
0.997755
0.997747
0.99774
0.997732
0.997725
0.997717
0.997709
0.997702
0.997694
0.997686
0.997679
0.997671
0.997663
0.997655
0.997648
0.99764
0.997632
0.997624
0.997616
0.997608
0.997601
0.997593
0.997585
0.997577
0.997569
0.997561
0.997553
0.997545
0.997537
0.997529
0.997521
0.997513
0.997505
0.997497
0.997488
0.99748
0.997472
0.997464
0.997456
0.997448
0.997439
0.997431
0.997423
0.997415
0.997406
0.997398
0.99739
0.997381
0.997373
0.997364
0.997356
0.997348
0.997339
0.997331
0.997322
0.997314
0.997305
0.997297
0.997288
0.99728
0.997271
0.997262
0.997254
0.997245
0.997236
0.997228
0.997219
0.99721
0.997202
0.997193
0.997184
0.997175
0.997167
0.997158
0.997149
0.99714
0.997131
0.997122
0.997113
0.997104
0.997095
0.997086
0.997077
0.997068
0.997059
0.99705
0.997041
0.997032
0.997023
0.997014
0.997005
0.996996
0.996986
0.996977
0.996968
0.996959
0.996949
0.99694
0.996931
0.996922
0.996912
0.996903
0.996893
0.996884
0.996875
0.996865
0.996856
0.996846
0.996837
0.996827
0.996818
0.996808
0.996799
0.996789
0.996779
0.99677
0.99676
0.99675
0.996741
0.996731
0.996721
0.996711
0.996702
0.996692
0.996682
0.996672
0.996662
0.996652
0.996643
0.996633
0.996623
0.996613
0.996603
0.996593
0.996583
0.996573
0.996562
0.996552
0.996542
0.996532
0.996522
0.996512
0.996502
0.996491
0.996481
0.996471
0.99646
0.99645
0.99644
0.996429
0.996419
0.996409
0.996398
0.996388
0.996377
0.996367
0.996356
0.996346
0.996335
0.996324
0.996314
0.996303
0.996292
0.996282
0.996271
0.99626
0.996249
0.996239
0.996228
0.996217
0.996206
0.996195
0.996184
0.996173
0.996162
0.996151
0.99614
0.996129
0.996118
0.996107
0.996096
0.996085
0.996074
0.996062
0.996051
0.99604
0.996029
0.996017
0.996006
0.995995
0.995983
0.995972
0.99596
0.995949
0.995937
0.995926
0.995914
0.995902
0.995891
0.995879
0.995867
0.995856
0.995844
0.995832
0.99582
0.995809
0.995797
0.995785
0.995773
0.995761
0.995749
0.995737
0.995725
0.995713
0.995701
0.995688
0.995676
0.995664
0.995652
0.995639
0.995627
0.995615
0.995602
0.99559
0.995578
0.995565
0.995552
0.99554
0.995527
0.995515
0.995502
0.995489
0.995477
0.995464
0.995451
0.995438
0.995425
0.995412
0.995399
0.995386
0.995373
0.99536
0.995347
0.995334
0.995321
0.995307
0.995294
0.995281
0.995267
0.995254
0.995241
0.995227
0.995214
0.9952
0.995186
0.995173
0.995159
0.995145
0.995132
0.995118
0.995104
0.99509
0.995076
0.995062
0.995048
0.995034
0.99502
0.995005
0.994991
0.994977
0.994962
0.994948
0.994934
0.994919
0.994905
0.99489
0.994875
0.994861
0.994846
0.994831
0.994816
0.994801
0.994786
0.994771
0.994756
0.994741
0.994726
0.994711
0.994695
0.99468
0.994665
0.994649
0.994634
0.994618
0.994603
0.994587
0.994571
0.994555
0.994539
0.994524
0.994508
0.994491
0.994475
0.994459
0.994443
0.994427
0.99441
0.994394
0.994377
0.994361
0.994344
0.994327
0.994311
0.994294
0.994277
0.99426
0.994243
0.994226
0.994209
0.994191
0.994174
0.994157
0.994139
0.994122
0.994104
0.994087
0.994069
0.994051
0.994033
0.994015
0.993997
0.993979
0.993961
0.993942
0.993924
0.993906
0.993887
0.993868
0.99385
0.993831
0.993812
0.993793
0.993774
0.993755
0.993736
0.993717
0.993697
0.993678
0.993658
0.993639
0.993619
0.993599
0.993579
0.993559
0.993539
0.993519
0.993499
0.993478
0.993458
0.993437
0.993417
0.993396
0.993375
0.993354
0.993333
0.993312
0.993291
0.99327
0.993248
0.993227
0.993205
0.993184
0.993162
0.99314
0.993118
0.993096
0.993073
0.993051
0.993029
0.993006
0.992984
0.992961
0.992938
0.992915
0.992892
0.992869
0.992845
0.992822
0.992798
0.992775
0.992751
0.992727
0.992703
0.992679
0.992655
0.99263
0.992606
0.992581
0.992557
0.992532
0.992507
0.992482
0.992457
0.992431
0.992406
0.99238
0.992355
0.992329
0.992303
0.992277
0.992251
0.992225
0.992198
0.992172
0.992145
0.992118
0.992091
0.992064
0.992037
0.992009
0.991982
0.991954
0.991927
0.991899
0.991871
0.991843
0.991814
0.991786
0.991757
0.991729
0.9917
0.991671
0.991642
0.991612
0.991583
0.991553
0.991524
0.991494
0.991464
0.991434
0.991403
0.991373
0.991342
0.991312
0.991281
0.99125
0.991219
0.991187
0.991156
0.991124
0.991093
0.991061
0.991029
0.990996
0.990964
0.990932
0.990899
0.990866
0.990833
0.9908
0.990767
0.990733
0.990699
0.990666
0.990632
0.990598
0.990563
0.990529
0.990494
0.99046
0.990425
0.99039
0.990355
0.990319
0.990284
0.990248
0.990212
0.990176
0.99014
0.990103
0.990067
0.99003
0.989993
0.989956
0.989919
0.989882
0.989844
0.989807
0.989769
0.989731
0.989692
0.989654
0.989616
0.989577
0.989538
0.989499
0.98946
0.98942
0.989381
0.989341
0.989301
0.989261
0.989221
0.98918
0.98914
0.989099
0.989058
0.989017
0.988975
0.988934
0.988892
0.98885
0.988808
0.988766
0.988724
0.988681
0.988639
0.988596
0.988553
0.988509
0.988466
0.988422
0.988379
0.988335
0.98829
0.988246
0.988202
0.988157
0.988112
0.988067
0.988022
0.987976
0.987931
0.987885
0.987839
0.987793
0.987747
0.9877
0.987654
0.987607
0.98756
0.987513
0.987465
0.987418
0.98737
0.987322
0.987274
0.987226
0.987178
0.987129
0.98708
0.987031
0.986982
0.986933
0.986883
0.986834
0.986784
0.986734
0.986684
0.986633
0.986583
0.986532
0.986481
0.98643
0.986379
0.986327
0.986276
0.986224
0.986172
0.98612
0.986067
0.986015
0.985962
0.985909
0.985856
0.985803
0.98575
0.985696
0.985642
0.985589
0.985534
0.98548
0.985426
0.985371
0.985316
0.985262
0.985206
0.985151
0.985096
0.98504
0.984984
0.984928
0.984872
0.984816
0.984759
0.984703
0.984646
0.984589
0.984532
0.984475
0.984417
0.984359
0.984302
0.984244
0.984186
0.984127
0.984069
0.98401
0.983951
0.983892
0.983833
0.983774
0.983715
0.983655
0.983595
0.983535
0.983475
0.983415
0.983355
0.983294
0.983234
0.983173
0.983112
0.983051
0.982989
0.982928
0.982866
0.982804
0.982742
0.98268
0.982618
0.982556
0.982493
0.982431
0.982368
0.982305
0.982242
0.982178
0.982115
0.982051
0.981988
0.981924
0.98186
0.981796
0.981731
0.981667
0.981602
0.981538
0.981473
0.981408
0.981343
0.981278
0.981212
0.981147
0.981081
0.981015
0.980949
0.980883
0.980817
0.980751
0.980684
0.980618
0.980551
0.980484
0.980417
0.98035
0.980283
0.980216
0.980148
0.98008
0.980013
0.979945
0.979877
0.979809
0.979741
0.979672
0.979604
0.979535
0.979467
0.979398
0.979329
0.97926
0.979191
0.979122
0.979052
0.978983
0.978913
0.978844
0.978774
0.978704
0.978634
0.978564
0.978493
0.978423
0.978353
0.978282
0.978212
0.978141
0.97807
0.977999
0.977928
0.977857
0.977786
0.977714
0.977643
0.977571
0.9775
0.977428
0.977356
0.977284
0.977212
0.97714
0.977068
0.976996
0.976924
0.976851
0.976779
0.976706
0.976633
0.976561
0.976488
0.976415
0.976342
0.976269
0.976196
0.976122
0.976049
0.975976
0.975902
0.975829
0.975755
0.975681
0.975608
0.975534
0.97546
0.975386
0.975312
0.975238
0.975164
0.975089
0.975015
0.974941
0.974866
0.974792
0.974717
0.974643
0.974568
0.974493
0.974418
0.974344
0.974269
0.974194
0.974119
0.974044
0.973969
0.973893
0.973818
0.973743
0.973668
0.973592
0.973517
0.973441
0.973366
0.97329
0.973215
0.973139
0.973063
0.972988
0.972912
0.972836
0.97276
0.972684
0.972608
0.972532
0.972456
0.97238
0.972304
0.972228
0.972152
0.972076
0.972
0.971923
0.971847
0.971771
0.971695
0.971618
0.971542
0.971465
0.971389
0.971313
0.971236
0.97116
0.971083
0.971006
0.97093
0.970853
0.970777
0.9707
0.970623
0.970547
0.97047
0.970393
0.970317
0.97024
0.970163
0.970087
0.97001
0.969933
0.969856
0.969779
0.969703
0.969626
0.969549
0.969472
0.969395
0.969319
0.969242
0.969165
0.969088
0.969011
0.968934
0.968857
0.968781
0.968704
0.968627
0.96855
0.968473
0.968396
0.96832
0.968243
0.968166
0.968089
0.968012
0.967935
0.967859
0.967782
0.967705
0.967628
0.967551
0.967475
0.967398
0.967321
0.967245
0.967168
0.967091
0.967014
0.966938
0.966861
0.966784
0.966708
0.966631
0.966555
0.966478
0.966402
0.966325
0.966249
0.966172
0.966096
0.966019
0.965943
0.965866
0.96579
0.965714
0.965637
0.965561
0.965485
0.965409
0.965332
0.965256
0.96518
0.965104
0.965028
0.964952
0.964876
0.9648
0.964724
0.964648
0.964572
0.964496
0.96442
0.964344
0.964268
0.964193
0.964117
0.964041
0.963966
0.96389
0.963814
0.963739
0.963663
0.963588
0.963512
0.963437
0.963362
0.963286
0.963211
0.963136
0.963061
0.962986
0.962911
0.962836
0.962761
0.962686
0.962611
0.962536
0.962461
0.962386
0.962311
0.962237
0.962162
0.962087
0.962013
0.961938
0.961864
0.96179
0.961715
0.961641
0.961567
0.961492
0.961418
0.961344
0.96127
0.961196
0.961122
0.961048
0.960974
0.9609
0.960827
0.960753
0.960679
0.960606
0.960532
0.960459
0.960385
0.960312
0.960239
0.960165
0.960092
0.960019
0.959946
0.959873
0.9598
0.959727
0.959654
0.959581
0.959509
0.959436
0.959363
0.959291
0.959218
0.959146
0.959073
0.959001
0.958929
0.958857
0.958785
0.958712
0.95864
0.958568
0.958497
0.958425
0.958353
0.958281
0.95821
0.958138
0.958067
0.957995
0.957924
0.957852
0.957781
0.95771
0.957639
0.957568
0.957497
0.957426
0.957355
0.957284
0.957213
0.957143
0.957072
0.957002
0.956931
0.956861
0.95679
0.95672
0.95665
0.95658
0.95651
0.95644
0.95637
0.9563
0.95623
0.95616
0.956091
0.956021
0.955952
0.955882
0.955813
0.955743
0.955674
0.955605
0.955536
0.955467
0.955398
0.955329
0.95526
0.955191
0.955123
0.955054
0.954986
0.954917
0.954849
0.95478
0.954712
0.954644
0.954576
0.954508
0.95444
0.954372
0.954304
0.954236
0.954169
0.954101
0.954033
0.953966
0.953899
0.953831
0.953764
0.953697
0.95363
0.953563
0.953496
0.953429
0.953362
0.953295
0.953229
0.953162
0.953096
0.953029
0.952963
0.952896
0.95283
0.952764
0.952698
0.952632
0.952566
0.9525
0.952434
0.952369
0.952303
0.952238
0.952172
0.952107
0.952041
0.951976
0.951911
0.951846
0.951781
0.951716
0.951651
0.951586
0.951521
0.951457
0.951392
0.951328
0.951263
0.951199
0.951134
0.95107
0.951006
0.950942
0.950878
0.950814
0.95075
0.950686
0.950623
0.950559
0.950495
0.950432
0.950369
0.950305
0.950242
0.950179
0.950116
0.950053
0.94999
0.949927
0.949864
0.949801
0.949739
0.949676
0.949613
0.949551
0.949489
0.949426
0.949364
0.949302
0.94924
0.949178
0.949116
0.949054
0.948992
0.948931
0.948869
0.948807
0.948746
0.948684
0.948623
0.948562
0.948501
0.948439
0.948378
0.948317
0.948257
0.948196
0.948135
0.948074
0.948014
0.947953
0.947893
0.947832
0.947772
0.947712
0.947651
0.947591
0.947531
0.947471
0.947411
0.947352
0.947292
0.947232
0.947173
0.947113
0.947054
0.946994
0.946935
0.946876
0.946817
0.946757
0.946698
0.946639
0.946581
0.946522
0.946463
0.946404
0.946346
0.946287
0.946229
0.94617
0.946112
0.946054
0.945996
0.945937
0.945879
0.945821
0.945764
0.945706
0.945648
0.94559
0.945533
0.945475
0.945418
0.94536
0.945303
0.945246
0.945188
0.945131
0.945074
0.945017
0.94496
0.944903
0.944846
0.94479
0.944733
0.944676
0.94462
0.944563
0.944507
0.944451
0.944395
0.944338
0.944282
0.944226
0.94417
0.944114
0.944058
0.944003
0.943947
0.943891
0.943836
0.94378
0.943725
0.943669
0.943614
0.943559
0.943503
0.943448
0.943393
0.943338
0.943283
0.943228
0.943174
0.943119
0.943064
0.94301
0.942955
0.942901
0.942846
0.942792
0.942737
0.942683
0.942629
0.942575
0.942521
0.942467
0.942413
0.942359
0.942305
0.942252
0.942198
0.942144
0.942091
0.942037
0.941984
0.941931
0.941877
0.941824
0.941771
0.941718
0.941665
0.941612
0.941559
0.941506
0.941453
0.9414
0.941348
0.941295
0.941242
0.94119
0.941137
0.941085
0.941033
0.94098
0.940928
0.940876
0.940824
0.940772
0.94072
0.940668
0.940616
0.940564
0.940513
0.940461
0.940409
0.940358
0.940306
0.940255
0.940203
0.940152
0.940101
0.940049
0.939998
0.939947
0.939896
0.939845
0.939794
0.939743
0.939692
0.939642
0.939591
0.93954
0.93949
0.939439
0.939388
0.939338
0.939288
0.939237
0.939187
0.939137
0.939086
0.939036
0.938986
0.938936
0.938886
0.938836
0.938786
0.938737
0.938687
0.938637
0.938587
0.938538
0.938488
0.938439
0.938389
0.93834
0.938291
0.938241
0.938192
0.938143
0.938094
0.938044
0.937995
0.937946
0.937897
0.937849
0.9378
0.937751
0.937702
0.937653
0.937605
0.937556
0.937508
0.937459
0.937411
0.937362
0.937314
0.937265
0.937217
0.937169
0.937121
0.937073
0.937025
0.936976
0.936928
0.936881
0.936833
0.936785
0.936737
0.936689
0.936641
0.936594
0.936546
0.936499
0.936451
0.936404
0.936356
0.936309
0.936261
0.936214
0.936167
0.936119
0.936072
0.936025
0.935978
0.935931
0.935884
0.935837
0.93579
0.935743
0.935696
0.935649
0.935603
0.935556
0.935509
0.935463
0.935416
0.935369
0.935323
0.935276
0.93523
0.935184
0.935137
0.935091
0.935045
0.934998
0.934952
0.934906
0.93486
0.934814
0.934768
0.934722
0.934676
0.93463
0.934584
0.934538
0.934492
0.934447
0.934401
0.934355
0.93431
0.934264
0.934218
0.934173
0.934127
0.934082
0.934036
0.933991
0.933946
0.9339
0.933855
0.93381
0.933765
0.933719
0.933674
0.933629
0.933584
0.933539
0.933494
0.933449
0.933404
0.933359
0.933314
0.933269
0.933224
0.93318
0.933135
0.93309
0.933046
0.933001
0.932956
0.932912
0.932867
0.932823
0.932778
0.932734
0.932689
0.932645
0.9326
0.932556
0.932512
0.932468
0.932423
0.932379
0.932335
0.932291
0.932247
0.932203
0.932158
0.932114
0.93207
0.932026
0.931983
0.931939
0.931895
0.931851
0.931807
0.931763
0.931719
0.931676
0.931632
0.931588
0.931545
0.931501
0.931457
0.931414
0.93137
0.931327
0.931283
0.93124
0.931196
0.931153
0.931109
0.931066
0.931023
0.930979
0.930936
0.930893
0.930849
0.930806
0.930763
0.93072
0.930677
0.930634
0.93059
0.930547
0.930504
0.930461
0.930418
0.930375
0.930332
0.930289
0.930246
0.930204
0.930161
0.930118
0.930075
0.930032
0.929989
0.929947
0.929904
0.929861
0.929818
0.929776
0.929733
0.92969
0.929648
0.929605
0.929563
0.92952
0.929477
0.929435
0.929392
0.92935
0.929307
0.929265
0.929223
0.92918
0.929138
0.929095
0.929053
0.929011
0.928968
0.928926
0.928884
0.928842
0.928799
0.928757
0.928715
0.928673
0.928631
0.928588
0.928546
0.928504
0.928462
0.92842
0.928378
0.928336
0.928294
0.928252
0.92821
0.928168
0.928126
0.928084
0.928042
0.928
0.927958
0.927916
0.927874
0.927832
0.92779
0.927748
0.927707
0.927665
0.927623
0.927581
0.927539
0.927498
0.927456
0.927414
0.927372
0.927331
0.927289
0.927247
0.927206
0.927164
0.927122
0.927081
0.927039
0.926997
0.926956
0.926914
0.926873
0.926831
0.926789
0.926748
0.926706
0.926665
0.926623
0.926582
0.92654
0.926499
0.926457
0.926416
0.926374
0.926333
0.926291
0.92625
0.926208
0.926167
0.926126
0.926084
0.926043
0.926001
0.92596
0.925919
0.925877
0.925836
0.925795
0.925753
0.925712
0.925671
0.925629
0.925588
0.925547
0.925505
0.925464
0.925423
0.925382
0.92534
0.925299
0.925258
0.925217
0.925175
0.925134
0.925093
0.925052
0.92501
0.924969
0.924928
0.924887
0.924846
0.924804
0.924763
0.924722
0.924681
0.92464
0.924599
0.924557
0.924516
0.924475
0.924434
0.924393
0.924352
0.92431
0.924269
0.924228
0.924187
0.924146
0.924105
0.924064
0.924023
0.923981
0.92394
0.923899
0.923858
0.923817
0.923776
0.923735
0.923694
0.923653
0.923612
0.92357
0.923529
0.923488
0.923447
0.923406
0.923365
0.923324
0.923283
0.923242
0.923201
0.92316
0.923118
0.923077
0.923036
0.922995
0.922954
0.922913
0.922872
0.922831
0.92279
0.922749
0.922708
0.922667
0.922626
0.922584
0.922543
0.922502
0.922461
0.92242
0.922379
0.922338
0.922297
0.922256
0.922215
0.922174
0.922132
0.922091
0.92205
0.922009
0.921968
0.921927
0.921886
0.921845
0.921804
0.921763
0.921721
0.92168
0.921639
0.921598
0.921557
0.921516
0.921475
0.921433
0.921392
0.921351
0.92131
0.921269
0.921228
0.921187
0.921145
0.921104
0.921063
0.921022
0.920981
0.92094
0.920898
0.920857
0.920816
0.920775
0.920734
0.920692
0.920651
0.92061
0.920569
0.920527
0.920486
0.920445
0.920404
0.920362
0.920321
0.92028
0.920239
0.920197
0.920156
0.920115
0.920073
0.920032
0.919991
0.91995
0.919908
0.919867
0.919826
0.919784
0.919743
0.919702
0.91966
0.919619
0.919577
0.919536
0.919495
0.919453
0.919412
0.919371
0.919329
0.919288
0.919246
0.919205
0.919163
0.919122
0.91908
0.919039
0.918998
0.918956
0.918915
0.918873
0.918832
0.91879
0.918749
0.918707
0.918665
0.918624
0.918582
0.918541
0.918499
0.918458
0.918416
0.918374
0.918333
0.918291
0.91825
0.918208
0.918166
0.918125
0.918083
0.918041
0.918
0.917958
0.917916
0.917875
0.917833
0.917791
0.917749
0.917708
0.917666
0.917624
0.917582
0.917541
0.917499
0.917457
0.917415
0.917373
0.917332
0.91729
0.917248
0.917206
0.917164
0.917122
0.91708
0.917038
0.916996
0.916955
0.916913
0.916871
0.916829
0.916787
0.916745
0.916703
0.916661
0.916619
0.916577
0.916535
0.916493
0.916451
0.916408
0.916366
0.916324
0.916282
0.91624
0.916198
0.916156
0.916114
0.916071
0.916029
0.915987
0.915945
0.915903
0.91586
0.915818
0.915776
0.915734
0.915691
0.915649
0.915607
0.915565
0.915522
0.91548
0.915438
0.915395
0.915353
0.91531
0.915268
0.915226
0.915183
0.915141
0.915098
0.915056
0.915013
0.914971
0.914928
0.914886
0.914843
0.914801
0.914758
0.914716
0.914673
0.914631
0.914588
0.914545
0.914503
0.91446
0.914418
0.914375
0.914332
0.914289
0.914247
0.914204
0.914161
0.914119
0.914076
0.914033
0.91399
0.913947
0.913905
0.913862
0.913819
0.913776
0.913733
0.91369
0.913648
0.913605
0.913562
0.913519
0.913476
0.913433
0.91339
0.913347
0.913304
0.913261
0.913218
0.913175
0.913132
0.913089
0.913046
0.913002
0.912959
0.912916
0.912873
0.91283
0.912787
0.912744
0.9127
0.912657
0.912614
0.912571
0.912527
0.912484
0.912441
0.912397
0.912354
0.912311
0.912268
0.912224
0.912181
0.912137
0.912094
0.912051
0.912007
0.911964
0.91192
0.911877
0.911833
0.91179
0.911746
0.911703
0.911659
0.911616
0.911572
0.911528
0.911485
0.911441
0.911397
0.911354
0.91131
0.911266
0.911223
0.911179
0.911135
0.911092
0.911048
0.911004
0.91096
0.910916
0.910873
0.910829
0.910785
0.910741
0.910697
0.910653
0.910609
0.910565
0.910521
0.910478
0.910434
0.91039
0.910346
0.910302
0.910258
0.910213
0.910169
0.910125
0.910081
0.910037
0.909993
0.909949
0.909905
0.909861
0.909816
0.909772
0.909728
0.909684
0.909639
0.909595
0.909551
0.909507
0.909462
0.909418
0.909374
0.909329
0.909285
0.90924
0.909196
0.909152
0.909107
0.909063
0.909018
0.908974
0.908929
0.908885
0.90884
0.908796
0.908751
0.908707
0.908662
0.908617
0.908573
0.908528
0.908484
0.908439
0.908394
0.908349
0.908305
0.90826
0.908215
0.90817
0.908126
0.908081
0.908036
0.907991
0.907946
0.907902
0.907857
0.907812
0.907767
0.907722
0.907677
0.907632
0.907587
0.907542
0.907497
0.907452
0.907407
0.907362
0.907317
0.907272
0.907227
0.907182
0.907137
0.907092
0.907046
0.907001
0.906956
0.906911
0.906866
0.90682
0.906775
0.90673
0.906685
0.906639
0.906594
0.906549
0.906503
0.906458
0.906413
0.906367
0.906322
0.906276
0.906231
0.906186
0.90614
0.906095
0.906049
0.906004
0.905958
0.905913
0.905867
0.905821
0.905776
0.90573
0.905685
0.905639
0.905593
0.905548
0.905502
0.905456
0.905411
0.905365
0.905319
0.905273
0.905228
0.905182
0.905136
0.90509
0.905044
0.904998
0.904953
0.904907
0.904861
0.904815
0.904769
0.904723
0.904677
0.904631
0.904585
0.904539
0.904493
0.904447
0.904401
0.904355
0.904309
0.904263
0.904217
0.90417
0.904124
0.904078
0.904032
0.903986
0.90394
0.903893
0.903847
0.903801
0.903755
0.903708
0.903662
0.903616
0.903569
0.903523
0.903477
0.90343
0.903384
0.903338
0.903291
0.903245
0.903198
0.903152
0.903105
0.903059
0.903012
0.902966
0.902919
0.902873
0.902826
0.90278
0.902733
0.902686
0.90264
0.902593
0.902546
0.9025
0.902453
0.902406
0.90236
0.902313
0.902266
0.902219
0.902173
0.902126
0.902079
0.902032
0.901985
0.901939
0.901892
0.901845
0.901798
0.901751
0.901704
0.901657
0.90161
0.901563
0.901516
0.901469
0.901422
0.901375
0.901328
0.901281
0.901234
0.901187
0.90114
0.901093
0.901046
0.900998
0.900951
0.900904
0.900857
0.90081
0.900763
0.900715
0.900668
0.900621
0.900574
0.900526
0.900479
0.900432
0.900384
0.900337
0.90029
0.900242
0.900195
0.900147
0.9001
0.900053
0.900005
0.899958
0.89991
0.899863
0.899815
0.899768
0.89972
0.899673
0.899625
0.899578
0.89953
0.899482
0.899435
0.899387
0.899339
0.899292
0.899244
0.899196
0.899149
0.899101
0.899053
0.899006
0.898958
0.89891
0.898862
0.898815
0.898767
0.898719
0.898671
0.898623
0.898575
0.898527
0.89848
0.898432
0.898384
0.898336
0.898288
0.89824
0.898192
0.898144
0.898096
0.898048
0.898
0.897952
0.897904
0.897856
0.897808
0.89776
0.897712
0.897663
0.897615
0.897567
0.897519
0.897471
0.897423
0.897375
0.897326
0.897278
0.89723
0.897182
0.897133
0.897085
0.897037
0.896988
0.89694
0.896892
0.896844
0.896795
0.896747
0.896698
0.89665
0.896602
0.896553
0.896505
0.896456
0.896408
0.896359
0.896311
0.896262
0.896214
0.896165
0.896117
0.896068
0.89602
0.895971
0.895923
0.895874
0.895825
0.895777
0.895728
0.89568
0.895631
0.895582
0.895534
0.895485
0.895436
0.895387
0.895339
0.89529
0.895241
0.895192
0.895144
0.895095
0.895046
0.894997
0.894948
0.8949
0.894851
0.894802
0.894753
0.894704
0.894655
0.894606
0.894557
0.894508
0.894459
0.894411
0.894362
0.894313
0.894264
0.894215
0.894166
0.894116
0.894067
0.894018
0.893969
0.89392
0.893871
0.893822
0.893773
0.893724
0.893675
0.893626
0.893576
0.893527
0.893478
0.893429
0.89338
0.89333
0.893281
0.893232
0.893183
0.893133
0.893084
0.893035
0.892985
0.892936
0.892887
0.892838
0.892788
0.892739
0.892689
0.89264
0.892591
0.892541
0.892492
0.892442
0.892393
0.892344
0.892294
0.892245
0.892195
0.892146
0.892096
0.892047
0.891997
0.891948
0.891898
0.891848
0.891799
0.891749
0.8917
0.89165
0.891601
0.891551
0.891501
0.891452
0.891402
0.891352
0.891303
0.891253
0.891203
0.891154
0.891104
0.891054
0.891004
0.890955
0.890905
0.890855
0.890805
0.890756
0.890706
0.890656
0.890606
0.890556
0.890506
0.890457
0.890407
0.890357
0.890307
0.890257
0.890207
0.890157
0.890107
0.890057
0.890007
0.889957
0.889907
0.889858
0.889808
0.889758
0.889708
0.889658
0.889607
0.889557
0.889507
0.889457
0.889407
0.889357
0.889307
0.889257
0.889207
0.889157
0.889107
0.889057
0.889006
0.888956
0.888906
0.888856
0.888806
0.888756
0.888705
0.888655
0.888605
0.888555
0.888504
0.888454
0.888404
0.888354
0.888303
0.888253
0.888203
0.888152
0.888102
0.888052
0.888001
0.887951
0.887901
0.88785
0.8878
0.88775
0.887699
0.887649
0.887598
0.887548
0.887498
0.887447
0.887397
0.887346
0.887296
0.887245
0.887195
0.887144
0.887094
0.887043
0.886993
0.886942
0.886892
0.886841
0.886791
0.88674
0.88669
0.886639
0.886588
0.886538
0.886487
0.886437
0.886386
0.886335
0.886285
0.886234
0.886183
0.886133
0.886082
0.886031
0.885981
0.88593
0.885879
0.885829
0.885778
0.885727
0.885676
0.885626
0.885575
0.885524
0.885473
0.885423
0.885372
0.885321
0.88527
0.885219
0.885169
0.885118
0.885067
0.885016
0.884965
0.884914
0.884863
0.884813
0.884762
0.884711
0.88466
0.884609
0.884558
0.884507
0.884456
0.884405
0.884354
0.884303
0.884252
0.884201
0.88415
0.884099
0.884048
0.883997
0.883946
0.883895
0.883844
0.883793
0.883742
0.883691
0.88364
0.883589
0.883538
0.883487
0.883436
0.883385
0.883334
0.883282
0.883231
0.88318
0.883129
0.883078
0.883027
0.882976
0.882924
0.882873
0.882822
0.882771
0.88272
0.882669
0.882617
0.882566
0.882515
0.882464
0.882412
0.882361
0.88231
0.882259
0.882207
0.882156
0.882105
0.882054
0.882002
0.881951
0.8819
0.881848
0.881797
0.881746
0.881694
0.881643
0.881592
0.88154
0.881489
0.881438
0.881386
0.881335
0.881283
0.881232
0.881181
0.881129
0.881078
0.881026
0.880975
0.880924
0.880872
0.880821
0.880769
0.880718
0.880666
0.880615
0.880563
0.880512
0.88046
0.880409
0.880357
0.880306
0.880254
0.880203
0.880151
0.8801
0.880048
0.879997
0.879945
0.879894
0.879842
0.87979
0.879739
0.879687
0.879636
0.879584
0.879532
0.879481
0.879429
0.879378
0.879326
0.879274
0.879223
0.879171
0.879119
0.879068
0.879016
0.878964
0.878913
0.878861
0.878809
0.878758
0.878706
0.878654
0.878602
0.878551
0.878499
0.878447
0.878396
0.878344
0.878292
0.87824
0.878189
0.878137
0.878085
0.878033
0.877981
0.87793
0.877878
0.877826
0.877774
0.877722
0.877671
0.877619
0.877567
0.877515
0.877463
0.877411
0.87736
0.877308
0.877256
0.877204
0.877152
0.8771
0.877048
0.876997
0.876945
0.876893
0.876841
0.876789
0.876737
0.876685
0.876633
0.876581
0.876529
0.876477
0.876425
0.876373
0.876322
0.87627
0.876218
0.876166
0.876114
0.876062
0.87601
0.875958
0.875906
0.875854
0.875802
0.87575
0.875698
0.875646
0.875594
0.875542
0.87549
0.875438
0.875386
0.875333
0.875281
0.875229
0.875177
0.875125
0.875073
0.875021
0.874969
0.874917
0.874865
0.874813
0.874761
0.874709
0.874656
0.874604
0.874552
0.8745
0.874448
0.874396
0.874344
0.874292
0.874239
0.874187
0.874135
0.874083
0.874031
0.873979
0.873926
0.873874
0.873822
0.87377
0.873718
0.873666
0.873613
0.873561
0.873509
0.873457
0.873405
0.873352
0.8733
0.873248
0.873196
0.873143
0.873091
0.873039
0.872987
0.872934
0.872882
0.87283
0.872778
0.872725
0.872673
0.872621
0.872569
0.872516
0.872464
0.872412
0.872359
0.872307
0.872255
0.872202
0.87215
0.872098
0.872046
0.871993
0.871941
0.871889
0.871836
0.871784
0.871732
0.871679
0.871627
0.871575
0.871522
0.87147
0.871417
0.871365
0.871313
0.87126
0.871208
0.871156
0.871103
0.871051
0.870998
0.870946
0.870894
0.870841
0.870789
0.870736
0.870684
0.870632
0.870579
0.870527
0.870474
0.870422
0.870369
0.870317
0.870265
0.870212
0.87016
0.870107
0.870055
0.870002
0.86995
0.869897
0.869845
0.869792
0.86974
0.869688
0.869635
0.869583
0.86953
0.869478
0.869425
0.869373
0.86932
0.869268
0.869215
0.869163
0.86911
0.869058
0.869005
0.868952
0.8689
0.868847
0.868795
0.868742
0.86869
0.868637
0.868585
0.868532
0.86848
0.868427
0.868375
0.868322
0.868269
0.868217
0.868164
0.868112
0.868059
0.868007
0.867954
0.867901
0.867849
0.867796
0.867744
0.867691
0.867639
0.867586
0.867533
0.867481
0.867428
0.867376
0.867323
0.86727
0.867218
0.867165
0.867112
0.86706
0.867007
0.866955
0.866902
0.866849
0.866797
0.866744
0.866691
0.866639
0.866586
0.866533
0.866481
0.866428
0.866375
0.866323
0.86627
0.866217
0.866165
0.866112
0.866059
0.866007
0.865954
0.865901
0.865849
0.865796
0.865743
0.865691
0.865638
0.865585
0.865533
0.86548
0.865427
0.865375
0.865322
0.865269
0.865216
0.865164
0.865111
0.865058
0.865006
0.864953
0.8649
0.864847
0.864795
0.864742
0.864689
0.864637
0.864584
0.864531
0.864478
0.864426
0.864373
0.86432
0.864267
0.864215
0.864162
0.864109
0.864056
0.864004
0.863951
0.863898
0.863845
0.863793
0.86374
0.863687
0.863634
0.863581
0.863529
0.863476
0.863423
0.86337
0.863318
0.863265
0.863212
0.863159
0.863106
0.863054
0.863001
0.862948
0.862895
0.862842
0.86279
0.862737
0.862684
0.862631
0.862578
0.862526
0.862473
0.86242
0.862367
0.862314
0.862262
0.862209
0.862156
0.862103
0.86205
0.861997
0.861945
0.861892
0.861839
0.861786
0.861733
0.86168
0.861628
0.861575
0.861522
0.861469
0.861416
0.861363
0.861311
0.861258
0.861205
0.861152
0.861099
0.861046
0.860993
0.860941
0.860888
0.860835
0.860782
0.860729
0.860676
0.860623
0.860571
0.860518
0.860465
0.860412
0.860359
0.860306
0.860253
0.860201
0.860148
0.860095
0.860042
0.859989
0.859936
0.859883
0.85983
0.859777
0.859725
0.859672
0.859619
0.859566
0.859513
0.85946
0.859407
0.859354
0.859301
0.859249
0.859196
0.859143
0.85909
0.859037
0.858984
0.858931
0.858878
0.858825
0.858772
0.85872
0.858667
0.858614
0.858561
0.858508
0.858455
0.858402
0.858349
0.858296
0.858243
0.85819
0.858138
0.858085
0.858032
0.857979
0.857926
0.857873
0.85782
0.857767
0.857714
0.857661
0.857608
0.857555
0.857502
0.85745
0.857397
0.857344
0.857291
0.857238
0.857185
0.857132
0.857079
0.857026
0.856973
0.85692
0.856867
0.856814
0.856761
0.856708
0.856655
0.856603
0.85655
0.856497
0.856444
0.856391
0.856338
0.856285
0.856232
0.856179
0.856126
0.856073
0.85602
0.855967
0.855914
0.855861
0.855808
0.855755
0.855702
0.855649
0.855596
0.855543
0.855491
0.855438
0.855385
0.855332
0.855279
0.855226
0.855173
0.85512
0.855067
0.855014
0.854961
0.854908
0.854855
0.854802
0.854749
0.854696
0.854643
0.85459
0.854537
0.854484
0.854431
0.854378
0.854325
0.854272
0.854219
0.854166
0.854113
0.85406
0.854007
0.853954
0.853902
0.853849
0.853796
0.853743
0.85369
0.853637
0.853584
0.853531
0.853478
0.853425
0.853372
0.853319
0.853266
0.853213
0.85316
0.853107
0.853054
0.853001
0.852948
0.852895
0.852842
0.852789
0.852736
0.852683
0.85263
0.852577
0.852524
0.852471
0.852418
0.852365
0.852312
0.852259
0.852206
0.852153
0.8521
0.852047
0.851994
0.851941
0.851888
0.851835
0.851782
0.851729
0.851676
0.851623
0.85157
0.851517
0.851464
0.851411
0.851358
0.851305
0.851252
0.851199
0.851146
0.851093
0.85104
0.850987
0.850934
0.850881
0.850828
0.850775
0.850722
0.850669
0.850616
0.850563
0.85051
0.850457
0.850404
0.850351
0.850298
0.850245
0.850192
0.850139
0.850086
0.850033
0.84998
0.849927
0.849874
0.849821
0.849768
0.849715
0.849662
0.849609
0.849556
0.849503
0.84945
0.849397
0.849344
0.849291
0.849238
0.849185
0.849132
0.849079
0.849026
0.848973
0.84892
0.848867
0.848814
0.848761
0.848708
0.848655
0.848602
0.848549
0.848496
0.848443
0.84839
0.848337
0.848284
0.848231
0.848178
0.848125
0.848072
0.848019
0.847966
0.847913
0.84786
0.847807
0.847754
0.847701
0.847648
0.847595
0.847542
0.847489
0.847436
0.847383
0.84733
0.847277
0.847224
0.847171
0.847118
0.847065
0.847012
0.846959
0.846906
0.846853
0.8468
0.846747
0.846694
0.846641
0.846588
0.846535
0.846482
0.846429
0.846376
0.846323
0.84627
0.846217
0.846164
0.846111
0.846058
0.846005
0.845952
0.845899
0.845846
0.845793
0.84574
0.845687
0.845634
0.845581
0.845528
0.845475
0.845422
0.845369
0.845316
0.845263
0.84521
0.845157
0.845104
0.845051
0.844998
0.844944
0.844891
0.844838
0.844785
0.844732
0.844679
0.844626
0.844573
0.84452
0.844467
0.844414
0.844361
0.844308
0.844255
0.844202
0.844149
0.844096
0.844043
0.84399
0.843937
0.843884
0.843831
0.843778
0.843725
0.843672
0.843619
0.843566
0.843513
0.843459
0.843406
0.843353
0.8433
0.843247
0.843194
0.843141
0.843088
0.843035
0.842982
0.842929
0.842876
0.842823
0.84277
0.842717
0.842664
0.842611
0.842558
0.842504
0.842451
0.842398
0.842345
0.842292
0.842239
0.842186
0.842133
0.84208
0.842027
0.841974
0.841921
0.841868
0.841814
0.841761
0.841708
0.841655
0.841602
0.841549
0.841496
0.841443
0.84139
0.841337
0.841284
0.84123
0.841177
0.841124
0.841071
0.841018
0.840965
0.840912
0.840859
0.840806
0.840752
0.840699
0.840646
0.840593
0.84054
0.840487
0.840434
0.840381
0.840327
0.840274
0.840221
0.840168
0.840115
0.840062
0.840009
0.839955
0.839902
0.839849
0.839796
0.839743
0.83969
0.839637
0.839583
0.83953
0.839477
0.839424
0.839371
0.839318
0.839264
0.839211
0.839158
0.839105
0.839052
0.838998
0.838945
0.838892
0.838839
0.838786
0.838732
0.838679
0.838626
0.838573
0.83852
0.838466
0.838413
0.83836
0.838307
0.838253
0.8382
0.838147
0.838094
0.83804
0.837987
0.837934
0.837881
0.837827
0.837774
0.837721
0.837667
0.837614
0.837561
0.837508
0.837454
0.837401
0.837348
0.837294
0.837241
0.837188
0.837134
0.837081
0.837028
0.836974
0.836921
0.836868
0.836814
0.836761
0.836708
0.836654
0.836601
0.836548
0.836494
0.836441
0.836387
0.836334
0.836281
0.836227
0.836174
0.83612
0.836067
0.836014
0.83596
0.835907
0.835853
0.8358
0.835746
0.835693
0.835639
0.835586
0.835532
0.835479
0.835425
0.835372
0.835318
0.835265
0.835211
0.835158
0.835104
0.835051
0.834997
0.834944
0.83489
0.834837
0.834783
0.83473
0.834676
0.834622
0.834569
0.834515
0.834462
0.834408
0.834354
0.834301
0.834247
0.834193
0.83414
0.834086
0.834032
0.833979
0.833925
0.833871
0.833818
0.833764
0.83371
0.833657
0.833603
0.833549
0.833495
0.833442
0.833388
0.833334
0.83328
0.833226
0.833173
0.833119
0.833065
0.833011
0.832957
0.832903
0.83285
0.832796
0.832742
0.832688
0.832634
0.83258
0.832526
0.832472
0.832418
0.832364
0.832311
0.832257
0.832203
0.832149
0.832095
0.832041
0.831987
0.831933
0.831878
0.831824
0.83177
0.831716
0.831662
0.831608
0.831554
0.8315
0.831446
0.831392
0.831337
0.831283
0.831229
0.831175
0.831121
0.831067
0.831012
0.830958
0.830904
0.83085
0.830795
0.830741
0.830687
0.830632
0.830578
0.830524
0.830469
0.830415
0.830361
0.830306
0.830252
0.830197
0.830143
0.830089
0.830034
0.82998
0.829925
0.829871
0.829816
0.829762
0.829707
0.829652
0.829598
0.829543
0.829489
0.829434
0.829379
0.829325
0.82927
0.829215
0.829161
0.829106
0.829051
0.828996
0.828942
0.828887
0.828832
0.828777
0.828723
0.828668
0.828613
0.828558
0.828503
0.828448
0.828393
0.828338
0.828283
0.828228
0.828173
0.828118
0.828063
0.828008
0.827953
0.827898
0.827843
0.827788
0.827733
0.827677
0.827622
0.827567
0.827512
0.827457
0.827401
0.827346
0.827291
0.827236
0.82718
0.827125
0.827069
0.827014
0.826959
0.826903
0.826848
0.826792
0.826737
0.826681
0.826626
0.82657
0.826515
0.826459
0.826403
0.826348
0.826292
0.826236
0.826181
0.826125
0.826069
0.826013
0.825958
0.825902
0.825846
0.82579
0.825734
0.825678
0.825622
0.825566
0.82551
0.825454
0.825398
0.825342
0.825286
0.82523
0.825174
0.825118
0.825062
0.825006
0.824949
0.824893
0.824837
0.824781
0.824724
0.824668
0.824612
0.824555
0.824499
0.824442
0.824386
0.824329
0.824273
0.824216
0.82416
0.824103
0.824047
0.82399
0.823933
0.823877
0.82382
0.823763
0.823706
0.82365
0.823593
0.823536
0.823479
0.823422
0.823365
0.823308
0.823251
0.823194
0.823137
0.82308
0.823023
0.822966
0.822908
0.822851
0.822794
0.822737
0.82268
0.822622
0.822565
0.822507
0.82245
0.822393
0.822335
0.822278
0.82222
0.822163
0.822105
0.822047
0.82199
0.821932
0.821874
0.821817
0.821759
0.821701
0.821643
0.821585
0.821527
0.821469
0.821411
0.821353
0.821295
0.821237
0.821179
0.821121
0.821063
0.821005
0.820947
0.820888
0.82083
0.820772
0.820713
0.820655
0.820597
0.820538
0.82048
0.820421
0.820362
0.820304
0.820245
0.820187
0.820128
0.820069
0.82001
0.819952
0.819893
0.819834
0.819775
0.819716
0.819657
0.819598
0.819539
0.81948
0.819421
0.819362
0.819302
0.819243
0.819184
0.819125
0.819065
0.819006
0.818946
0.818887
0.818827
0.818768
0.818708
0.818649
0.818589
0.818529
0.81847
0.81841
0.81835
0.81829
0.81823
0.81817
0.818111
0.818051
0.817991
0.81793
0.81787
0.81781
0.81775
0.81769
0.81763
0.817569
0.817509
0.817449
0.817388
0.817328
0.817267
0.817207
0.817146
0.817085
0.817025
0.816964
0.816903
0.816843
0.816782
0.816721
0.81666
0.816599
0.816538
0.816477
0.816416
0.816355
0.816294
0.816232
0.816171
0.81611
0.816049
0.815987
0.815926
0.815864
0.815803
0.815741
0.81568
0.815618
0.815557
0.815495
0.815433
0.815371
0.81531
0.815248
0.815186
0.815124
0.815062
0.815
0.814938
0.814876
0.814813
0.814751
0.814689
0.814627
0.814564
0.814502
0.814439
0.814377
0.814314
0.814252
0.814189
0.814127
0.814064
0.814001
0.813938
0.813875
0.813813
0.81375
0.813687
0.813624
0.813561
0.813498
0.813434
0.813371
0.813308
0.813245
0.813181
0.813118
0.813055
0.812991
0.812928
0.812864
0.8128
0.812737
0.812673
0.812609
0.812546
0.812482
0.812418
0.812354
0.81229
0.812226
0.812162
0.812098
0.812034
0.811969
0.811905
0.811841
0.811776
0.811712
0.811648
0.811583
0.811519
0.811454
0.811389
0.811325
0.81126
0.811195
0.811131
0.811066
0.811001
0.810936
0.810871
0.810806
0.810741
0.810676
0.81061
0.810545
0.81048
0.810415
0.810349
0.810284
0.810218
0.810153
0.810087
0.810022
0.809956
0.80989
0.809825
0.809759
0.809693
0.809627
0.809561
0.809495
0.809429
0.809363
0.809297
0.809231
0.809165
0.809098
0.809032
0.808966
0.808899
0.808833
0.808766
0.8087
0.808633
0.808566
0.8085
0.808433
0.808366
0.808299
0.808232
0.808166
0.808099
0.808032
0.807964
0.807897
0.80783
0.807763
0.807696
0.807628
0.807561
0.807494
0.807426
0.807359
0.807291
0.807223
0.807156
0.807088
0.80702
0.806953
0.806885
0.806817
0.806749
0.806681
0.806613
0.806545
0.806477
0.806409
0.80634
0.806272
0.806204
0.806136
0.806067
0.805999
0.80593
0.805862
0.805793
0.805724
0.805656
0.805587
0.805518
0.80545
0.805381
0.805312
0.805243
0.805174
0.805105
0.805036
0.804966
0.804897
0.804828
0.804759
0.804689
0.80462
0.804551
0.804481
0.804412
0.804342
0.804273
0.804203
0.804133
0.804063
0.803994
0.803924
0.803854
0.803784
0.803714
0.803644
0.803574
0.803504
0.803434
0.803364
0.803293
0.803223
0.803153
0.803082
0.803012
0.802942
0.802871
0.8028
0.80273
0.802659
0.802589
0.802518
0.802447
0.802376
0.802305
0.802235
0.802164
0.802093
0.802022
0.80195
0.801879
0.801808
0.801737
0.801666
0.801594
0.801523
0.801452
0.80138
0.801309
0.801237
0.801166
0.801094
0.801023
0.800951
0.800879
0.800807
0.800736
0.800664
0.800592
0.80052
0.800448
0.800376
0.800304
0.800232
0.80016
0.800088
0.800015
0.799943
0.799871
0.799798
0.799726
0.799654
0.799581
0.799509
0.799436
0.799363
0.799291
0.799218
0.799146
0.799073
0.799
0.798927
0.798854
0.798781
0.798708
0.798635
0.798562
0.798489
0.798416
0.798343
0.79827
0.798197
0.798124
0.79805
0.797977
0.797904
0.79783
0.797757
0.797683
0.79761
0.797536
0.797463
0.797389
0.797315
0.797242
0.797168
0.797094
0.79702
0.796946
0.796873
0.796799
0.796725
0.796651
0.796577
0.796503
0.796428
0.796354
0.79628
0.796206
0.796132
0.796057
0.795983
0.795909
0.795834
0.79576
0.795686
0.795611
0.795537
0.795462
0.795387
0.795313
0.795238
0.795163
0.795089
0.795014
0.794939
0.794864
0.79479
0.794715
0.79464
0.794565
0.79449
0.794415
0.79434
0.794265
0.79419
0.794115
0.794039
0.793964
0.793889
0.793814
0.793738
0.793663
0.793588
0.793512
0.793437
0.793362
0.793286
0.793211
0.793135
0.793059
0.792984
0.792908
0.792833
0.792757
0.792681
0.792606
0.79253
0.792454
0.792378
0.792302
0.792226
0.792151
0.792075
0.791999
0.791923
0.791847
0.791771
0.791695
0.791619
0.791542
0.791466
0.79139
0.791314
0.791238
0.791162
0.791085
0.791009
0.790933
0.790856
0.79078
0.790704
0.790627
0.790551
0.790474
0.790398
0.790321
0.790245
0.790168
0.790092
0.790015
0.789938
0.789862
0.789785
0.789708
0.789632
0.789555
0.789478
0.789401
0.789325
0.789248
0.789171
0.789094
0.789017
0.78894
0.788863
0.788786
0.788709
0.788632
0.788555
0.788478
0.788401
0.788324
0.788247
0.78817
0.788093
0.788016
0.787939
0.787861
0.787784
0.787707
0.78763
0.787552
0.787475
0.787398
0.787321
0.787243
0.787166
0.787089
0.787011
0.786934
0.786856
0.786779
0.786701
0.786624
0.786547
0.786469
0.786391
0.786314
0.786236
0.786159
0.786081
0.786004
0.785926
0.785848
0.785771
0.785693
0.785616
0.785538
0.78546
0.785382
0.785305
0.785227
0.785149
0.785072
0.784994
0.784916
0.784838
0.78476
0.784683
0.784605
0.784527
0.784449
0.784371
0.784293
0.784215
0.784138
0.78406
0.783982
0.783904
0.783826
0.783748
0.78367
0.783592
0.783514
0.783436
0.783358
0.78328
0.783202
0.783124
0.783046
0.782968
0.78289
0.782812
0.782734
0.782656
0.782578
0.782499
0.782421
0.782343
0.782265
0.782187
0.782109
0.782031
0.781953
0.781874
0.781796
0.781718
0.78164
0.781562
0.781484
0.781405
0.781327
0.781249
0.781171
0.781093
0.781014
0.780936
0.780858
0.78078
0.780702
0.780623
0.780545
0.780467
0.780389
0.78031
0.780232
0.780154
0.780076
0.779997
0.779919
0.779841
0.779763
0.779684
0.779606
0.779528
0.77945
0.779371
0.779293
0.779215
0.779136
0.779058
0.77898
0.778902
0.778823
0.778745
0.778667
0.778588
0.77851
0.778432
0.778354
0.778275
0.778197
0.778119
0.77804
0.777962
0.777884
0.777806
0.777727
0.777649
0.777571
0.777493
0.777414
0.777336
0.777258
0.777179
0.777101
0.777023
0.776945
0.776866
0.776788
0.77671
0.776632
0.776553
0.776475
0.776397
0.776319
0.776241
0.776162
0.776084
0.776006
0.775928
0.775849
0.775771
0.775693
0.775615
0.775537
0.775459
0.77538
0.775302
0.775224
0.775146
0.775068
0.77499
0.774911
0.774833
0.774755
0.774677
0.774599
0.774521
0.774443
0.774365
0.774287
0.774209
0.77413
0.774052
0.773974
0.773896
0.773818
0.77374
0.773662
0.773584
0.773506
0.773428
0.77335
0.773272
0.773194
0.773116
0.773038
0.77296
0.772883
0.772805
0.772727
0.772649
0.772571
0.772493
0.772415
0.772337
0.772259
0.772182
0.772104
0.772026
0.771948
0.77187
0.771793
0.771715
0.771637
0.771559
0.771482
0.771404
0.771326
0.771248
0.771171
0.771093
0.771015
0.770938
0.77086
0.770783
0.770705
0.770627
0.77055
0.770472
0.770395
0.770317
0.770239
0.770162
0.770084
0.770007
0.769929
0.769852
0.769775
0.769697
0.76962
0.769542
0.769465
0.769387
0.76931
0.769233
0.769155
0.769078
0.769001
0.768924
0.768846
0.768769
0.768692
0.768614
0.768537
0.76846
0.768383
0.768306
0.768229
0.768151
0.768074
0.767997
0.76792
0.767843
0.767766
0.767689
0.767612
0.767535
0.767458
0.767381
0.767304
0.767227
0.76715
0.767073
0.766996
0.76692
0.766843
0.766766
0.766689
0.766612
0.766535
0.766459
0.766382
0.766305
0.766229
0.766152
0.766075
0.765999
0.765922
0.765845
0.765769
0.765692
0.765616
0.765539
0.765463
0.765386
0.76531
0.765233
0.765157
0.76508
0.765004
0.764928
0.764851
0.764775
0.764698
0.764622
0.764546
0.76447
0.764393
0.764317
0.764241
0.764165
0.764089
0.764013
0.763936
0.76386
0.763784
0.763708
0.763632
0.763556
0.76348
0.763404
0.763328
0.763252
0.763176
0.763101
0.763025
0.762949
0.762873
0.762797
0.762722
0.762646
0.76257
0.762494
0.762419
0.762343
0.762267
0.762192
0.762116
0.762041
0.761965
0.76189
0.761814
0.761739
0.761663
0.761588
0.761512
0.761437
0.761362
0.761286
0.761211
0.761136
0.76106
0.760985
0.76091
0.760835
0.760759
0.760684
0.760609
0.760534
0.760459
0.760384
0.760309
0.760234
0.760159
0.760084
0.760009
0.759934
0.759859
0.759784
0.759709
0.759635
0.75956
0.759485
0.75941
0.759336
0.759261
0.759186
0.759112
0.759037
0.758962
0.758888
0.758813
0.758739
0.758664
0.75859
0.758515
0.758441
0.758367
0.758292
0.758218
0.758144
0.758069
0.757995
0.757921
0.757847
0.757772
0.757698
0.757624
0.75755
0.757476
0.757402
0.757328
0.757254
0.75718
0.757106
0.757032
0.756958
0.756884
0.75681
0.756736
0.756663
0.756589
0.756515
0.756441
0.756368
0.756294
0.75622
0.756147
0.756073
0.756
0.755926
0.755853
0.755779
0.755706
0.755632
0.755559
0.755485
0.755412
0.755339
0.755265
0.755192
0.755119
0.755046
0.754973
0.754899
0.754826
0.754753
0.75468
0.754607
0.754534
0.754461
0.754388
0.754315
0.754242
0.754169
0.754096
0.754024
0.753951
0.753878
0.753805
0.753733
0.75366
0.753587
0.753515
0.753442
0.753369
0.753297
0.753224
0.753152
0.753079
0.753007
0.752934
0.752862
0.75279
0.752717
0.752645
0.752573
0.7525
0.752428
0.752356
0.752284
0.752212
0.75214
0.752068
0.751996
0.751923
0.751851
0.75178
0.751708
0.751636
0.751564
0.751492
0.75142
0.751348
0.751276
0.751205
0.751133
0.751061
0.75099
0.750918
0.750846
0.750775
0.750703
0.750632
0.75056
0.750489
0.750417
0.750346
0.750275
0.750203
0.750132
0.750061
0.749989
0.749918
0.749847
0.749776
0.749705
0.749633
0.749562
0.749491
0.74942
0.749349
0.749278
0.749207
0.749136
0.749066
0.748995
0.748924
0.748853
0.748782
0.748712
0.748641
0.74857
0.748499
0.748429
0.748358
0.748288
0.748217
0.748147
0.748076
0.748006
0.747935
0.747865
0.747794
0.747724
0.747654
0.747583
0.747513
0.747443
0.747373
0.747302
0.747232
0.747162
0.747092
0.747022
0.746952
0.746882
0.746812
0.746742
0.746672
0.746602
0.746532
0.746463
0.746393
0.746323
0.746253
0.746184
0.746114
0.746044
0.745975
0.745905
0.745835
0.745766
0.745696
0.745627
0.745557
0.745488
0.745419
0.745349
0.74528
0.74521
0.745141
0.745072
0.745003
0.744933
0.744864
0.744795
0.744726
0.744657
0.744588
0.744519
0.74445
0.744381
0.744312
0.744243
0.744174
0.744105
0.744036
0.743968
0.743899
0.74383
0.743761
0.743693
0.743624
0.743555
0.743487
0.743418
0.74335
0.743281
0.743213
0.743144
0.743076
0.743007
0.742939
0.742871
0.742802
0.742734
0.742666
0.742598
0.742529
0.742461
0.742393
0.742325
0.742257
0.742189
0.742121
0.742053
0.741985
0.741917
0.741849
0.741781
0.741713
0.741645
0.741577
0.74151
0.741442
0.741374
0.741306
0.741239
0.741171
0.741103
0.741036
0.740968
0.740901
0.740833
0.740766
0.740698
0.740631
0.740564
0.740496
0.740429
0.740362
0.740294
0.740227
0.74016
0.740093
0.740025
0.739958
0.739891
0.739824
0.739757
0.73969
0.739623
0.739556
0.739489
0.739422
0.739355
0.739288
0.739222
0.739155
0.739088
0.739021
0.738954
0.738888
0.738821
0.738754
0.738688
0.738621
0.738555
0.738488
0.738422
0.738355
0.738289
0.738222
0.738156
0.73809
0.738023
0.737957
0.737891
0.737824
0.737758
0.737692
0.737626
0.73756
0.737493
0.737427
0.737361
0.737295
0.737229
0.737163
0.737097
0.737031
0.736965
0.736899
0.736834
0.736768
0.736702
0.736636
0.73657
0.736505
0.736439
0.736373
0.736308
0.736242
0.736176
0.736111
0.736045
0.73598
0.735914
0.735849
0.735783
0.735718
0.735653
0.735587
0.735522
0.735457
0.735391
0.735326
0.735261
0.735196
0.735131
0.735065
0.735
0.734935
0.73487
0.734805
0.73474
0.734675
0.73461
0.734545
0.73448
0.734415
0.734351
0.734286
0.734221
0.734156
0.734091
0.734027
0.733962
0.733897
0.733833
0.733768
0.733703
0.733639
0.733574
0.73351
0.733445
0.733381
0.733316
0.733252
0.733187
0.733123
0.733059
0.732994
0.73293
0.732866
0.732802
0.732737
0.732673
0.732609
0.732545
0.732481
0.732417
0.732353
0.732289
0.732225
0.732161
0.732097
0.732033
0.731969
0.731905
0.731841
0.731777
0.731713
0.731649
0.731586
0.731522
0.731458
0.731395
0.731331
0.731267
0.731204
0.73114
0.731076
0.731013
0.730949
0.730886
0.730822
0.730759
0.730696
0.730632
0.730569
0.730505
0.730442
0.730379
0.730315
0.730252
0.730189
0.730126
0.730063
0.729999
0.729936
0.729873
0.72981
0.729747
0.729684
0.729621
0.729558
0.729495
0.729432
0.729369
0.729306
0.729243
0.72918
0.729118
0.729055
0.728992
0.728929
0.728867
0.728804
0.728741
0.728678
0.728616
0.728553
0.728491
0.728428
0.728365
0.728303
0.72824
0.728178
0.728116
0.728053
0.727991
0.727928
0.727866
0.727804
0.727741
0.727679
0.727617
0.727554
0.727492
0.72743
0.727368
0.727306
0.727244
0.727181
0.727119
0.727057
0.726995
0.726933
0.726871
0.726809
0.726747
0.726685
0.726623
0.726562
0.7265
0.726438
0.726376
0.726314
0.726252
0.726191
0.726129
0.726067
0.726006
0.725944
0.725882
0.725821
0.725759
0.725697
0.725636
0.725574
0.725513
0.725451
0.72539
0.725328
0.725267
0.725206
0.725144
0.725083
0.725021
0.72496
0.724899
0.724838
0.724776
0.724715
0.724654
0.724593
0.724531
0.72447
0.724409
0.724348
0.724287
0.724226
0.724165
0.724104
0.724043
0.723982
0.723921
0.72386
0.723799
0.723738
0.723677
0.723616
0.723556
0.723495
0.723434
0.723373
0.723313
0.723252
0.723191
0.72313
0.72307
0.723009
0.722948
0.722888
0.722827
0.722767
0.722706
0.722646
0.722585
0.722525
0.722464
0.722404
0.722343
0.722283
0.722223
0.722162
0.722102
0.722042
0.721981
0.721921
0.721861
0.7218
0.72174
0.72168
0.72162
0.72156
0.7215
0.721439
0.721379
0.721319
0.721259
0.721199
0.721139
0.721079
0.721019
0.720959
0.720899
0.720839
0.720779
0.720719
0.72066
0.7206
0.72054
0.72048
0.72042
0.720361
0.720301
0.720241
0.720181
0.720122
0.720062
0.720002
0.719943
0.719883
0.719823
0.719764
0.719704
0.719645
0.719585
0.719526
0.719466
0.719407
0.719347
0.719288
0.719229
0.719169
0.71911
0.71905
0.718991
0.718932
0.718872
0.718813
0.718754
0.718695
0.718635
0.718576
0.718517
0.718458
0.718399
0.71834
0.71828
0.718221
0.718162
0.718103
0.718044
0.717985
0.717926
0.717867
0.717808
0.717749
0.71769
0.717631
0.717573
0.717514
0.717455
0.717396
0.717337
0.717278
0.717219
0.717161
0.717102
0.717043
0.716985
0.716926
0.716867
0.716808
0.71675
0.716691
0.716633
0.716574
0.716515
0.716457
0.716398
0.71634
0.716281
0.716223
0.716164
0.716106
0.716047
0.715989
0.715931
0.715872
0.715814
0.715755
0.715697
0.715639
0.71558
0.715522
0.715464
0.715406
0.715347
0.715289
0.715231
0.715173
0.715115
0.715056
0.714998
0.71494
0.714882
0.714824
0.714766
0.714708
0.71465
0.714592
0.714534
0.714476
0.714418
0.71436
0.714302
0.714244
0.714186
0.714128
0.71407
0.714012
0.713955
0.713897
0.713839
0.713781
0.713723
0.713666
0.713608
0.71355
0.713492
0.713435
0.713377
0.713319
0.713262
0.713204
0.713147
0.713089
0.713031
0.712974
0.712916
0.712859
0.712801
0.712744
0.712686
0.712629
0.712571
0.712514
0.712456
0.712399
0.712342
0.712284
0.712227
0.712169
0.712112
0.712055
0.711997
0.71194
0.711883
0.711826
0.711768
0.711711
0.711654
0.711597
0.71154
0.711482
0.711425
0.711368
0.711311
0.711254
0.711197
0.71114
0.711083
0.711026
0.710969
0.710912
0.710855
0.710798
0.710741
0.710684
0.710627
0.71057
0.710513
0.710456
0.710399
0.710342
0.710285
0.710228
0.710172
0.710115
0.710058
0.710001
0.709944
0.709888
0.709831
0.709774
0.709718
0.709661
0.709604
0.709548
0.709491
0.709434
0.709378
0.709321
0.709264
0.709208
0.709151
0.709095
0.709038
0.708982
0.708925
0.708869
0.708812
0.708756
0.708699
0.708643
0.708586
0.70853
0.708474
0.708417
0.708361
0.708304
0.708248
0.708192
0.708135
0.708079
0.708023
0.707967
0.70791
0.707854
0.707798
0.707742
0.707685
0.707629
0.707573
0.707517
0.707461
0.707405
0.707348
0.707292
0.707236
0.70718
0.707124
0.707068
0.707012
0.706956
0.7069
0.706844
0.706788
0.706732
0.706676
0.70662
0.706564
0.706508
0.706452
0.706396
0.706341
0.706285
0.706229
0.706173
0.706117
0.706061
0.706005
0.70595
0.705894
0.705838
0.705782
0.705727
0.705671
0.705615
0.70556
0.705504
0.705448
0.705392
0.705337
0.705281
0.705226
0.70517
0.705114
0.705059
0.705003
0.704948
0.704892
0.704837
0.704781
0.704726
0.70467
0.704615
0.704559
0.704504
0.704448
0.704393
0.704337
0.704282
0.704226
0.704171
0.704116
0.70406
0.704005
0.70395
0.703894
0.703839
0.703784
0.703728
0.703673
0.703618
0.703563
0.703507
0.703452
0.703397
0.703342
0.703287
0.703231
0.703176
0.703121
0.703066
0.703011
0.702956
0.702901
0.702845
0.70279
0.702735
0.70268
0.702625
0.70257
0.702515
0.70246
0.702405
0.70235
0.702295
0.70224
0.702185
0.70213
0.702075
0.70202
0.701966
0.701911
0.701856
0.701801
0.701746
0.701691
0.701636
0.701582
0.701527
0.701472
0.701417
0.701362
0.701308
0.701253
0.701198
0.701143
0.701089
0.701034
0.700979
0.700925
0.70087
0.700815
0.700761
0.700706
0.700651
0.700597
0.700542
0.700488
0.700433
0.700378
0.700324
0.700269
0.700215
0.70016
0.700106
0.700051
0.699997
0.699942
0.699888
0.699833
0.699779
0.699724
0.69967
0.699616
0.699561
0.699507
0.699452
0.699398
0.699344
0.699289
0.699235
0.699181
0.699126
0.699072
0.699018
0.698963
0.698909
0.698855
0.698801
0.698746
0.698692
0.698638
0.698584
0.698529
0.698475
0.698421
0.698367
0.698313
0.698259
0.698204
0.69815
0.698096
0.698042
0.697988
0.697934
0.69788
0.697826
0.697772
0.697718
0.697664
0.69761
0.697556
0.697502
0.697448
0.697394
0.69734
0.697286
0.697232
0.697178
0.697124
0.69707
0.697016
0.696962
0.696908
0.696855
0.696801
0.696747
0.696693
0.696639
0.696585
0.696531
0.696478
0.696424
0.69637
0.696316
0.696263
0.696209
0.696155
0.696101
0.696048
0.695994
0.69594
0.695887
0.695833
0.695779
0.695726
0.695672
0.695618
0.695565
0.695511
0.695457
0.695404
0.69535
0.695297
0.695243
0.695189
0.695136
0.695082
0.695029
0.694975
0.694922
0.694868
0.694815
0.694761
0.694708
0.694654
0.694601
0.694547
0.694494
0.694441
0.694387
0.694334
0.69428
0.694227
0.694174
0.69412
0.694067
0.694014
0.69396
0.693907
0.693854
0.6938
0.693747
0.693694
0.69364
0.693587
0.693534
0.693481
0.693427
0.693374
0.693321
0.693268
0.693215
0.693161
0.693108
0.693055
0.693002
0.692949
0.692896
0.692842
0.692789
0.692736
0.692683
0.69263
0.692577
0.692524
0.692471
0.692418
0.692365
0.692312
0.692258
0.692205
0.692152
0.692099
0.692046
0.691993
0.69194
0.691887
0.691835
0.691782
0.691729
0.691676
0.691623
0.69157
0.691517
0.691464
0.691411
0.691358
0.691305
0.691253
0.6912
0.691147
0.691094
0.691041
0.690988
0.690936
0.690883
0.69083
0.690777
0.690724
0.690672
0.690619
0.690566
0.690513
0.690461
0.690408
0.690355
0.690303
0.69025
0.690197
0.690145
0.690092
0.690039
0.689987
0.689934
0.689881
0.689829
0.689776
0.689724
0.689671
0.689618
0.689566
0.689513
0.689461
0.689408
0.689356
0.689303
0.689251
0.689198
0.689145
0.689093
0.689041
0.688988
0.688936
0.688883
0.688831
0.688778
0.688726
0.688673
0.688621
0.688569
0.688516
0.688464
0.688411
0.688359
0.688307
0.688254
0.688202
0.68815
0.688097
0.688045
0.687993
0.68794
0.687888
0.687836
0.687783
0.687731
0.687679
0.687627
0.687574
0.687522
0.68747
0.687418
0.687365
0.687313
0.687261
0.687209
0.687157
0.687105
0.687052
0.687
0.686948
0.686896
0.686844
0.686792
0.68674
0.686687
0.686635
0.686583
0.686531
0.686479
0.686427
0.686375
0.686323
0.686271
0.686219
0.686167
0.686115
0.686063
0.686011
0.685959
0.685907
0.685855
0.685803
0.685751
0.685699
0.685647
0.685595
0.685543
0.685491
0.685439
0.685387
0.685336
0.685284
0.685232
0.68518
0.685128
0.685076
0.685024
0.684973
0.684921
0.684869
0.684817
0.684765
0.684714
0.684662
0.68461
0.684558
0.684506
0.684455
0.684403
0.684351
0.684299
0.684248
0.684196
0.684144
0.684093
0.684041
0.683989
0.683938
0.683886
0.683834
0.683783
0.683731
0.683679
0.683628
0.683576
0.683524
0.683473
0.683421
0.68337
0.683318
0.683266
0.683215
0.683163
0.683112
0.68306
0.683009
0.682957
0.682906
0.682854
0.682803
0.682751
0.6827
0.682648
0.682597
0.682545
0.682494
0.682442
0.682391
0.68234
0.682288
0.682237
0.682185
0.682134
0.682082
0.682031
0.68198
0.681928
0.681877
0.681826
0.681774
0.681723
0.681672
0.68162
0.681569
0.681518
0.681466
0.681415
0.681364
0.681312
0.681261
0.68121
0.681159
0.681107
0.681056
0.681005
0.680954
0.680902
0.680851
0.6808
0.680749
0.680698
0.680647
0.680595
0.680544
0.680493
0.680442
0.680391
0.68034
0.680288
0.680237
0.680186
0.680135
0.680084
0.680033
0.679982
0.679931
0.67988
0.679829
0.679778
0.679727
0.679675
0.679624
0.679573
0.679522
0.679471
0.67942
0.679369
0.679318
0.679267
0.679216
0.679165
0.679115
0.679064
0.679013
0.678962
0.678911
0.67886
0.678809
0.678758
0.678707
0.678656
0.678605
0.678554
0.678504
0.678453
0.678402
0.678351
0.6783
0.678249
0.678199
0.678148
0.678097
0.678046
0.677995
0.677944
0.677894
0.677843
0.677792
0.677741
0.677691
0.67764
0.677589
0.677538
0.677488
0.677437
0.677386
0.677336
0.677285
0.677234
0.677183
0.677133
0.677082
0.677031
0.676981
0.67693
0.67688
0.676829
0.676778
0.676728
0.676677
0.676626
0.676576
0.676525
0.676475
0.676424
0.676374
0.676323
0.676272
0.676222
0.676171
0.676121
0.67607
0.67602
0.675969
0.675919
0.675868
0.675818
0.675767
0.675717
0.675666
0.675616
0.675565
0.675515
0.675464
0.675414
0.675364
0.675313
0.675263
0.675212
0.675162
0.675112
0.675061
0.675011
0.67496
0.67491
0.67486
0.674809
0.674759
0.674709
0.674658
0.674608
0.674558
0.674507
0.674457
0.674407
0.674356
0.674306
0.674256
0.674206
0.674155
0.674105
0.674055
0.674005
0.673954
0.673904
0.673854
0.673804
0.673754
0.673703
0.673653
0.673603
0.673553
0.673503
0.673452
0.673402
0.673352
0.673302
0.673252
0.673202
0.673152
0.673101
0.673051
0.673001
0.672951
0.672901
0.672851
0.672801
0.672751
0.672701
0.672651
0.672601
0.672551
0.672501
0.672451
0.6724
0.67235
0.6723
0.67225
0.6722
0.67215
0.6721
0.672051
0.672001
0.671951
0.671901
0.671851
0.671801
0.671751
0.671701
0.671651
0.671601
0.671551
0.671501
0.671451
0.671401
0.671352
0.671302
0.671252
0.671202
0.671152
0.671102
0.671052
0.671003
0.670953
0.670903
0.670853
0.670803
0.670753
0.670704
0.670654
0.670604
0.670554
0.670505
0.670455
0.670405
0.670355
0.670306
0.670256
0.670206
0.670156
0.670107
0.670057
0.670007
0.669957
0.669908
0.669858
0.669808
0.669759
0.669709
0.669659
0.66961
0.66956
0.66951
0.669461
0.669411
0.669362
0.669312
0.669262
0.669213
0.669163
0.669114
0.669064
0.669014
0.668965
0.668915
0.668866
0.668816
0.668767
0.668717
0.668668
0.668618
0.668569
0.668519
0.66847
0.66842
0.668371
0.668321
0.668272
0.668222
0.668173
0.668123
0.668074
0.668024
0.667975
0.667925
0.667876
0.667827
0.667777
0.667728
0.667678
0.667629
0.66758
0.66753
0.667481
0.667431
0.667382
0.667333
0.667283
0.667234
0.667185
0.667135
0.667086
0.667037
0.666987
0.666938
0.666889
0.666839
0.66679
0.666741
0.666692
0.666642
0.666593
0.666544
0.666495
0.666445
0.666396
0.666347
0.666298
0.666248
0.666199
0.66615
0.666101
0.666052
0.666002
0.665953
0.665904
0.665855
0.665806
0.665757
0.665707
0.665658
0.665609
0.66556
0.665511
0.665462
0.665413
0.665364
0.665315
0.665265
0.665216
0.665167
0.665118
0.665069
0.66502
0.664971
0.664922
0.664873
0.664824
0.664775
0.664726
0.664677
0.664628
0.664579
0.66453
0.664481
0.664432
0.664383
0.664334
0.664285
0.664236
0.664187
0.664138
0.664089
0.66404
0.663991
0.663942
0.663893
0.663844
0.663796
0.663747
0.663698
0.663649
0.6636
0.663551
0.663502
0.663453
0.663404
0.663356
0.663307
0.663258
0.663209
0.66316
0.663111
0.663063
0.663014
0.662965
0.662916
0.662867
0.662819
0.66277
0.662721
0.662672
0.662624
0.662575
0.662526
0.662477
0.662429
0.66238
0.662331
0.662282
0.662234
0.662185
0.662136
0.662088
0.662039
0.66199
0.661942
0.661893
0.661844
0.661796
0.661747
0.661698
0.66165
0.661601
0.661552
0.661504
0.661455
0.661406
0.661358
0.661309
0.661261
0.661212
0.661163
0.661115
0.661066
0.661018
0.660969
0.660921
0.660872
0.660824
0.660775
0.660727
0.660678
0.660629
0.660581
0.660532
0.660484
0.660435
0.660387
0.660339
0.66029
0.660242
0.660193
0.660145
0.660096
0.660048
0.659999
0.659951
0.659902
0.659854
0.659806
0.659757
0.659709
0.65966
0.659612
0.659564
0.659515
0.659467
0.659418
0.65937
0.659322
0.659273
0.659225
0.659177
0.659128
0.65908
0.659032
0.658983
0.658935
0.658887
0.658838
0.65879
0.658742
0.658694
0.658645
0.658597
0.658549
0.658501
0.658452
0.658404
0.658356
0.658308
0.658259
0.658211
0.658163
0.658115
0.658066
0.658018
0.65797
0.657922
0.657874
0.657825
0.657777
0.657729
0.657681
0.657633
0.657585
0.657537
0.657488
0.65744
0.657392
0.657344
0.657296
0.657248
0.6572
0.657152
0.657103
0.657055
0.657007
0.656959
0.656911
0.656863
0.656815
0.656767
0.656719
0.656671
0.656623
0.656575
0.656527
0.656479
0.656431
0.656383
0.656335
0.656287
0.656239
0.656191
0.656143
0.656095
0.656047
0.655999
0.655951
0.655903
0.655855
0.655807
0.655759
0.655711
0.655663
0.655615
0.655567
0.655519
0.655472
0.655424
0.655376
0.655328
0.65528
0.655232
0.655184
0.655136
0.655088
0.655041
0.654993
0.654945
0.654897
0.654849
0.654801
0.654754
0.654706
0.654658
0.65461
0.654562
0.654515
0.654467
0.654419
0.654371
0.654323
0.654276
0.654228
0.65418
0.654132
0.654085
0.654037
0.653989
0.653941
0.653894
0.653846
0.653798
0.65375
0.653703
0.653655
0.653607
0.65356
0.653512
0.653464
0.653417
0.653369
0.653321
0.653274
0.653226
0.653178
0.653131
0.653083
0.653035
0.652988
0.65294
0.652893
0.652845
0.652797
0.65275
0.652702
0.652654
0.652607
0.652559
0.652512
0.652464
0.652417
0.652369
0.652321
0.652274
0.652226
0.652179
0.652131
0.652084
0.652036
0.651989
0.651941
0.651894
0.651846
0.651799
0.651751
0.651704
0.651656
0.651609
0.651561
0.651514
0.651466
0.651419
0.651371
0.651324
0.651276
0.651229
0.651182
0.651134
0.651087
0.651039
0.650992
0.650944
0.650897
0.65085
0.650802
0.650755
0.650707
0.65066
0.650613
0.650565
0.650518
0.650471
0.650423
0.650376
0.650329
0.650281
0.650234
0.650187
0.650139
0.650092
0.650045
0.649997
0.64995
0.649903
0.649855
0.649808
0.649761
0.649713
0.649666
0.649619
0.649572
0.649524
0.649477
0.64943
0.649383
0.649335
0.649288
0.649241
0.649194
0.649146
0.649099
0.649052
0.649005
0.648957
0.64891
0.648863
0.648816
0.648769
0.648721
0.648674
0.648627
0.64858
0.648533
0.648486
0.648438
0.648391
0.648344
0.648297
0.64825
0.648203
0.648155
0.648108
0.648061
0.648014
0.647967
0.64792
0.647873
0.647826
0.647778
0.647731
0.647684
0.647637
0.64759
0.647543
0.647496
0.647449
0.647402
0.647355
0.647308
0.647261
0.647214
0.647166
0.647119
0.647072
0.647025
0.646978
0.646931
0.646884
0.646837
0.64679
0.646743
0.646696
0.646649
0.646602
0.646555
0.646508
0.646461
0.646414
0.646367
0.64632
0.646273
0.646226
0.646179
0.646132
0.646085
0.646038
0.645992
0.645945
0.645898
0.645851
0.645804
0.645757
0.64571
0.645663
0.645616
0.645569
0.645522
0.645475
0.645428
0.645381
0.645335
0.645288
0.645241
0.645194
0.645147
0.6451
0.645053
0.645006
0.644959
0.644913
0.644866
0.644819
0.644772
0.644725
0.644678
0.644631
0.644585
0.644538
0.644491
0.644444
0.644397
0.64435
0.644304
0.644257
0.64421
0.644163
0.644116
0.64407
0.644023
0.643976
0.643929
0.643882
0.643836
0.643789
0.643742
0.643695
0.643648
0.643602
0.643555
0.643508
0.643461
0.643415
0.643368
0.643321
0.643274
0.643228
0.643181
0.643134
0.643087
0.643041
0.642994
0.642947
0.6429
0.642854
0.642807
0.64276
0.642713
0.642667
0.64262
0.642573
0.642527
0.64248
0.642433
0.642386
0.64234
0.642293
0.642246
0.6422
0.642153
0.642106
0.64206
0.642013
0.641966
0.64192
0.641873
0.641826
0.64178
0.641733
0.641686
0.64164
0.641593
0.641546
0.6415
0.641453
0.641406
0.64136
0.641313
0.641266
0.64122
0.641173
0.641126
0.64108
0.641033
0.640986
0.64094
0.640893
0.640846
0.6408
0.640753
0.640707
0.64066
0.640613
0.640567
0.64052
0.640474
0.640427
0.64038
0.640334
0.640287
0.64024
0.640194
0.640147
0.640101
0.640054
0.640007
0.639961
0.639914
0.639868
0.639821
0.639774
0.639728
0.639681
0.639635
0.639588
0.639541
0.639495
0.639448
0.639402
0.639355
0.639309
0.639262
0.639215
0.639169
0.639122
0.639076
0.639029
0.638983
0.638936
0.638889
0.638843
0.638796
0.63875
0.638703
0.638657
0.63861
0.638563
0.638517
0.63847
0.638424
0.638377
0.638331
0.638284
0.638237
0.638191
0.638144
0.638098
0.638051
0.638005
0.637958
0.637911
0.637865
0.637818
0.637772
0.637725
0.637679
0.637632
0.637586
0.637539
0.637492
0.637446
0.637399
0.637353
0.637306
0.63726
0.637213
0.637166
0.63712
0.637073
0.637027
0.63698
0.636934
0.636887
0.636841
0.636794
0.636747
0.636701
0.636654
0.636608
0.636561
0.636515
0.636468
0.636421
0.636375
0.636328
0.636282
0.636235
0.636189
0.636142
0.636095
0.636049
0.636002
0.635956
0.635909
0.635863
0.635816
0.635769
0.635723
0.635676
0.63563
0.635583
0.635537
0.63549
0.635443
0.635397
0.63535
0.635304
0.635257
0.63521
0.635164
0.635117
0.635071
0.635024
0.634977
0.634931
0.634884
0.634838
0.634791
0.634744
0.634698
0.634651
0.634605
0.634558
0.634511
0.634465
0.634418
0.634371
0.634325
0.634278
0.634232
0.634185
0.634138
0.634092
0.634045
0.633998
0.633952
0.633905
0.633858
0.633812
0.633765
0.633718
0.633672
0.633625
0.633578
0.633532
0.633485
0.633438
0.633392
0.633345
0.633298
0.633252
0.633205
0.633158
0.633112
0.633065
0.633018
0.632972
0.632925
0.632878
0.632831
0.632785
0.632738
0.632691
0.632645
0.632598
0.632551
0.632504
0.632458
0.632411
0.632364
0.632317
0.632271
0.632224
0.632177
0.63213
0.632084
0.632037
0.63199
0.631943
0.631896
0.63185
0.631803
0.631756
0.631709
0.631663
0.631616
0.631569
0.631522
0.631475
0.631428
0.631382
0.631335
0.631288
0.631241
0.631194
0.631147
0.631101
0.631054
0.631007
0.63096
0.630913
0.630866
0.630819
0.630772
0.630726
0.630679
0.630632
0.630585
0.630538
0.630491
0.630444
0.630397
0.63035
0.630303
0.630256
0.630209
0.630162
0.630115
0.630068
0.630022
0.629975
0.629928
0.629881
0.629834
0.629787
0.62974
0.629693
0.629646
0.629599
0.629551
0.629504
0.629457
0.62941
0.629363
0.629316
0.629269
0.629222
0.629175
0.629128
0.629081
0.629034
0.628987
0.62894
0.628892
0.628845
0.628798
0.628751
0.628704
0.628657
0.62861
0.628562
0.628515
0.628468
0.628421
0.628374
0.628327
0.628279
0.628232
0.628185
0.628138
0.628091
0.628043
0.627996
0.627949
0.627902
0.627854
0.627807
0.62776
0.627712
0.627665
0.627618
0.627571
0.627523
0.627476
0.627429
0.627381
0.627334
0.627287
0.627239
0.627192
0.627144
0.627097
0.62705
0.627002
0.626955
0.626907
0.62686
0.626813
0.626765
0.626718
0.62667
0.626623
0.626575
0.626528
0.62648
0.626433
0.626385
0.626338
0.62629
0.626243
0.626195
0.626148
0.6261
0.626053
0.626005
0.625957
0.62591
0.625862
0.625815
0.625767
0.625719
0.625672
0.625624
0.625576
0.625529
0.625481
0.625433
0.625386
0.625338
0.62529
0.625243
0.625195
0.625147
0.625099
0.625052
0.625004
0.624956
0.624908
0.62486
0.624813
0.624765
0.624717
0.624669
0.624621
0.624573
0.624526
0.624478
0.62443
0.624382
0.624334
0.624286
0.624238
0.62419
0.624142
0.624094
0.624046
0.623998
0.62395
0.623902
0.623854
0.623806
0.623758
0.62371
0.623662
0.623614
0.623566
0.623518
0.62347
0.623422
0.623374
0.623326
0.623278
0.623229
0.623181
0.623133
0.623085
0.623037
0.622989
0.62294
0.622892
0.622844
0.622796
0.622747
0.622699
0.622651
0.622603
0.622554
0.622506
0.622458
0.622409
0.622361
0.622313
0.622264
0.622216
0.622167
0.622119
0.622071
0.622022
0.621974
0.621925
0.621877
0.621828
0.62178
0.621731
0.621683
0.621634
0.621586
0.621537
0.621489
0.62144
0.621392
0.621343
0.621294
0.621246
0.621197
0.621149
0.6211
0.621051
0.621003
0.620954
0.620905
0.620856
0.620808
0.620759
0.62071
0.620661
0.620613
0.620564
0.620515
0.620466
0.620417
0.620369
0.62032
0.620271
0.620222
0.620173
0.620124
0.620075
0.620026
0.619977
0.619928
0.61988
0.619831
0.619782
0.619733
0.619684
0.619634
0.619585
0.619536
0.619487
0.619438
0.619389
0.61934
0.619291
0.619242
0.619193
0.619143
0.619094
0.619045
0.618996
0.618947
0.618897
0.618848
0.618799
0.61875
0.6187
0.618651
0.618602
0.618552
0.618503
0.618454
0.618404
0.618355
0.618306
0.618256
0.618207
0.618157
0.618108
0.618058
0.618009
0.617959
0.61791
0.61786
0.617811
0.617761
0.617712
0.617662
0.617613
0.617563
0.617513
0.617464
0.617414
0.617364
0.617315
0.617265
0.617215
0.617166
0.617116
0.617066
0.617016
0.616967
0.616917
0.616867
0.616817
0.616767
0.616718
0.616668
0.616618
0.616568
0.616518
0.616468
0.616418
0.616368
0.616318
0.616268
0.616218
0.616168
0.616118
0.616068
0.616018
0.615968
0.615918
0.615868
0.615818
0.615768
0.615718
0.615668
0.615617
0.615567
0.615517
0.615467
0.615417
0.615366
0.615316
0.615266
0.615216
0.615165
0.615115
0.615065
0.615014
0.614964
0.614914
0.614863
0.614813
0.614763
0.614712
0.614662
0.614611
0.614561
0.61451
0.61446
0.614409
0.614359
0.614308
0.614258
0.614207
0.614156
0.614106
0.614055
0.614005
0.613954
0.613903
0.613853
0.613802
0.613751
0.613701
0.61365
0.613599
0.613548
0.613497
0.613447
0.613396
0.613345
0.613294
0.613243
0.613192
0.613142
0.613091
0.61304
0.612989
0.612938
0.612887
0.612836
0.612785
0.612734
0.612683
0.612632
0.612581
0.61253
0.612479
0.612428
0.612377
0.612325
0.612274
0.612223
0.612172
0.612121
0.61207
0.612018
0.611967
0.611916
0.611865
0.611813
0.611762
0.611711
0.611659
0.611608
0.611557
0.611505
0.611454
0.611403
0.611351
0.6113
0.611248
0.611197
0.611145
0.611094
0.611042
0.610991
0.610939
0.610888
0.610836
0.610785
0.610733
0.610682
0.61063
0.610578
0.610527
0.610475
0.610423
0.610372
0.61032
0.610268
0.610216
0.610165
0.610113
0.610061
0.610009
0.609958
0.609906
0.609854
0.609802
0.60975
0.609698
0.609646
0.609594
0.609543
0.609491
0.609439
0.609387
0.609335
0.609283
0.609231
0.609179
0.609127
0.609075
0.609022
0.60897
0.608918
0.608866
0.608814
0.608762
0.60871
0.608658
0.608605
0.608553
0.608501
0.608449
0.608396
0.608344
0.608292
0.60824
0.608187
0.608135
0.608083
0.60803
0.607978
0.607926
0.607873
0.607821
0.607768
0.607716
0.607663
0.607611
0.607559
0.607506
0.607454
0.607401
0.607348
0.607296
0.607243
0.607191
0.607138
0.607086
0.607033
0.60698
0.606928
0.606875
0.606822
0.60677
0.606717
0.606664
0.606612
0.606559
0.606506
0.606453
0.606401
0.606348
0.606295
0.606242
0.606189
0.606136
0.606084
0.606031
0.605978
0.605925
0.605872
0.605819
0.605766
0.605713
0.60566
0.605607
0.605554
0.605501
0.605448
0.605395
0.605342
0.605289
0.605236
0.605183
0.60513
0.605077
0.605023
0.60497
0.604917
0.604864
0.604811
0.604758
0.604704
0.604651
0.604598
0.604545
0.604491
0.604438
0.604385
0.604332
0.604278
0.604225
0.604172
0.604118
0.604065
0.604011
0.603958
0.603905
0.603851
0.603798
0.603744
0.603691
0.603638
0.603584
0.603531
0.603477
0.603424
0.60337
0.603316
0.603263
0.603209
0.603156
0.603102
0.603049
0.602995
0.602941
0.602888
0.602834
0.60278
0.602727
0.602673
0.602619
0.602566
0.602512
0.602458
0.602405
0.602351
0.602297
0.602243
0.602189
0.602136
0.602082
0.602028
0.601974
0.60192
0.601867
0.601813
0.601759
0.601705
0.601651
0.601597
0.601543
0.601489
0.601435
0.601381
0.601327
0.601273
0.601219
0.601165
0.601111
0.601057
0.601003
0.600949
0.600895
0.600841
0.600787
0.600733
0.600679
0.600625
0.600571
0.600517
0.600462
0.600408
0.600354
0.6003
0.600246
0.600192
0.600137
0.600083
0.600029
0.599975
0.599921
0.599866
0.599812
0.599758
0.599703
0.599649
0.599595
0.599541
0.599486
0.599432
0.599378
0.599323
0.599269
0.599215
0.59916
0.599106
0.599051
0.598997
0.598943
0.598888
0.598834
0.598779
0.598725
0.59867
0.598616
0.598561
0.598507
0.598452
0.598398
0.598343
0.598289
0.598234
0.59818
0.598125
0.598071
0.598016
0.597962
0.597907
0.597852
0.597798
0.597743
0.597689
0.597634
0.597579
0.597525
0.59747
0.597415
0.597361
0.597306
0.597251
0.597197
0.597142
0.597087
0.597033
0.596978
0.596923
0.596868
0.596814
0.596759
0.596704
0.596649
0.596595
0.59654
0.596485
0.59643
0.596375
0.596321
0.596266
0.596211
0.596156
0.596101
0.596046
0.595991
0.595937
0.595882
0.595827
0.595772
0.595717
0.595662
0.595607
0.595552
0.595497
0.595442
0.595388
0.595333
0.595278
0.595223
0.595168
0.595113
0.595058
0.595003
0.594948
0.594893
0.594838
0.594783
0.594728
0.594673
0.594618
0.594563
0.594508
0.594453
0.594398
0.594343
0.594288
0.594232
0.594177
0.594122
0.594067
0.594012
0.593957
0.593902
0.593847
0.593792
0.593737
0.593681
0.593626
0.593571
0.593516
0.593461
0.593406
0.593351
0.593296
0.59324
0.593185
0.59313
0.593075
0.59302
0.592964
0.592909
0.592854
0.592799
0.592744
0.592688
0.592633
0.592578
0.592523
0.592468
0.592412
0.592357
0.592302
0.592247
0.592191
0.592136
0.592081
0.592026
0.59197
0.591915
0.59186
0.591805
0.591749
0.591694
0.591639
0.591583
0.591528
0.591473
0.591418
0.591362
0.591307
0.591252
0.591196
0.591141
0.591086
0.59103
0.590975
0.59092
0.590864
0.590809
0.590754
0.590698
0.590643
0.590588
0.590532
0.590477
0.590422
0.590366
0.590311
0.590255
0.5902
0.590145
0.590089
0.590034
0.589979
0.589923
0.589868
0.589812
0.589757
0.589702
0.589646
0.589591
0.589535
0.58948
0.589425
0.589369
0.589314
0.589258
0.589203
0.589148
0.589092
0.589037
0.588981
0.588926
0.588871
0.588815
0.58876
0.588704
0.588649
0.588594
0.588538
0.588483
0.588427
0.588372
0.588316
0.588261
0.588206
0.58815
0.588095
0.588039
0.587984
0.587928
0.587873
0.587817
0.587762
0.587707
0.587651
0.587596
0.58754
0.587485
0.587429
0.587374
0.587319
0.587263
0.587208
0.587152
0.587097
0.587041
0.586986
0.58693
0.586875
0.58682
0.586764
0.586709
0.586653
0.586598
0.586542
0.586487
0.586431
0.586376
0.586321
0.586265
0.58621
0.586154
0.586099
0.586043
0.585988
0.585933
0.585877
0.585822
0.585766
0.585711
0.585655
0.5856
0.585545
0.585489
0.585434
0.585378
0.585323
0.585267
0.585212
0.585157
0.585101
0.585046
0.58499
0.584935
0.58488
0.584824
0.584769
0.584713
0.584658
0.584603
0.584547
0.584492
0.584436
0.584381
0.584326
0.58427
0.584215
0.584159
0.584104
0.584049
0.583993
0.583938
0.583882
0.583827
0.583772
0.583716
0.583661
0.583606
0.58355
0.583495
0.58344
0.583384
0.583329
0.583273
0.583218
0.583163
0.583107
0.583052
0.582997
0.582941
0.582886
0.582831
0.582775
0.58272
0.582665
0.58261
0.582554
0.582499
0.582444
0.582388
0.582333
0.582278
0.582222
0.582167
0.582112
0.582057
0.582001
0.581946
0.581891
0.581835
0.58178
0.581725
0.58167
0.581614
0.581559
0.581504
0.581449
0.581393
0.581338
0.581283
0.581228
0.581173
0.581117
0.581062
0.581007
0.580952
0.580897
0.580841
0.580786
0.580731
0.580676
0.580621
0.580565
0.58051
0.580455
0.5804
0.580345
0.58029
0.580234
0.580179
0.580124
0.580069
0.580014
0.579959
0.579904
0.579849
0.579794
0.579738
0.579683
0.579628
0.579573
0.579518
0.579463
0.579408
0.579353
0.579298
0.579243
0.579188
0.579133
0.579078
0.579023
0.578968
0.578913
0.578857
0.578802
0.578747
0.578692
0.578637
0.578582
0.578528
0.578473
0.578418
0.578363
0.578308
0.578253
0.578198
0.578143
0.578088
0.578033
0.577978
0.577923
0.577868
0.577813
0.577758
0.577703
0.577649
0.577594
0.577539
0.577484
0.577429
0.577374
0.577319
0.577265
0.57721
0.577155
0.5771
0.577045
0.57699
0.576936
0.576881
0.576826
0.576771
0.576716
0.576662
0.576607
0.576552
0.576497
0.576443
0.576388
0.576333
0.576279
0.576224
0.576169
0.576114
0.57606
0.576005
0.57595
0.575896
0.575841
0.575786
0.575732
0.575677
0.575622
0.575568
0.575513
0.575459
0.575404
0.575349
0.575295
0.57524
0.575186
0.575131
0.575076
0.575022
0.574967
0.574913
0.574858
0.574804
0.574749
0.574695
0.57464
0.574586
0.574531
0.574477
0.574422
0.574368
0.574313
0.574259
0.574205
0.57415
0.574096
0.574041
0.573987
0.573932
0.573878
0.573824
0.573769
0.573715
0.573661
0.573606
0.573552
0.573498
0.573443
0.573389
0.573335
0.57328
0.573226
0.573172
0.573117
0.573063
0.573009
0.572955
0.5729
0.572846
0.572792
0.572738
0.572684
0.572629
0.572575
0.572521
0.572467
0.572413
0.572359
0.572304
0.57225
0.572196
0.572142
0.572088
0.572034
0.57198
0.571926
0.571872
0.571818
0.571763
0.571709
0.571655
0.571601
0.571547
0.571493
0.571439
0.571385
0.571331
0.571277
0.571223
0.571169
0.571116
0.571062
0.571008
0.570954
0.5709
0.570846
0.570792
0.570738
0.570684
0.57063
0.570577
0.570523
0.570469
0.570415
0.570361
0.570307
0.570254
0.5702
0.570146
0.570092
0.570039
0.569985
0.569931
0.569877
0.569824
0.56977
0.569716
0.569663
0.569609
0.569555
0.569502
0.569448
0.569394
0.569341
0.569287
0.569233
0.56918
0.569126
0.569073
0.569019
0.568966
0.568912
0.568858
0.568805
0.568751
0.568698
0.568644
0.568591
0.568537
0.568484
0.56843
0.568377
0.568324
0.56827
0.568217
0.568163
0.56811
0.568057
0.568003
0.56795
0.567896
0.567843
0.56779
0.567736
0.567683
0.56763
0.567577
0.567523
0.56747
0.567417
0.567363
0.56731
0.567257
0.567204
0.567151
0.567097
0.567044
0.566991
0.566938
0.566885
0.566832
0.566778
0.566725
0.566672
0.566619
0.566566
0.566513
0.56646
0.566407
0.566354
0.566301
0.566248
0.566195
0.566142
0.566089
0.566036
0.565983
0.56593
0.565877
0.565824
0.565771
0.565718
0.565665
0.565612
0.565559
0.565506
0.565453
0.565401
0.565348
0.565295
0.565242
0.565189
0.565136
0.565084
0.565031
0.564978
0.564925
0.564873
0.56482
0.564767
0.564714
0.564662
0.564609
0.564556
0.564504
0.564451
0.564398
0.564346
0.564293
0.564241
0.564188
0.564135
0.564083
0.56403
0.563978
0.563925
0.563873
0.56382
0.563768
0.563715
0.563663
0.56361
0.563558
0.563505
0.563453
0.5634
0.563348
0.563295
0.563243
0.563191
0.563138
0.563086
0.563034
0.562981
0.562929
0.562877
0.562824
0.562772
0.56272
0.562667
0.562615
0.562563
0.562511
0.562458
0.562406
0.562354
0.562302
0.56225
0.562197
0.562145
0.562093
0.562041
0.561989
0.561937
0.561885
0.561833
0.561781
0.561728
0.561676
0.561624
0.561572
0.56152
0.561468
0.561416
0.561364
0.561312
0.56126
0.561208
0.561157
0.561105
0.561053
0.561001
0.560949
0.560897
0.560845
0.560793
0.560741
0.56069
0.560638
0.560586
0.560534
0.560482
0.560431
0.560379
0.560327
0.560275
0.560224
0.560172
0.56012
0.560069
0.560017
0.559965
0.559914
0.559862
0.55981
0.559759
0.559707
0.559655
0.559604
0.559552
0.559501
0.559449
0.559398
0.559346
0.559295
0.559243
0.559192
0.55914
0.559089
0.559037
0.558986
0.558934
0.558883
0.558831
0.55878
0.558729
0.558677
0.558626
0.558575
0.558523
0.558472
0.558421
0.558369
0.558318
0.558267
0.558215
0.558164
0.558113
0.558062
0.558011
0.557959
0.557908
0.557857
0.557806
0.557755
0.557703
0.557652
0.557601
0.55755
0.557499
0.557448
0.557397
0.557346
0.557295
0.557244
0.557193
0.557142
0.557091
0.55704
0.556989
0.556938
0.556887
0.556836
0.556785
0.556734
0.556683
0.556632
0.556581
0.55653
0.55648
0.556429
0.556378
0.556327
0.556276
0.556225
0.556175
0.556124
0.556073
0.556022
0.555972
0.555921
0.55587
0.555819
0.555769
0.555718
0.555667
0.555617
0.555566
0.555516
0.555465
0.555414
0.555364
0.555313
0.555263
0.555212
0.555161
0.555111
0.55506
0.55501
0.554959
0.554909
0.554858
0.554808
0.554757
0.554707
0.554657
0.554606
0.554556
0.554505
0.554455
0.554405
0.554354
0.554304
0.554254
0.554203
0.554153
0.554103
0.554052
0.554002
0.553952
0.553902
0.553851
0.553801
0.553751
0.553701
0.553651
0.5536
0.55355
0.5535
0.55345
0.5534
0.55335
0.5533
0.55325
0.553199
0.553149
0.553099
0.553049
0.552999
0.552949
0.552899
0.552849
0.552799
0.552749
0.552699
0.552649
0.552599
0.552549
0.5525
0.55245
0.5524
0.55235
0.5523
0.55225
0.5522
0.552151
0.552101
0.552051
0.552001
0.551951
0.551902
0.551852
0.551802
0.551752
0.551703
0.551653
0.551603
0.551554
0.551504
0.551454
0.551405
0.551355
0.551305
0.551256
0.551206
0.551156
0.551107
0.551057
0.551008
0.550958
0.550909
0.550859
0.55081
0.55076
0.550711
0.550661
0.550612
0.550562
0.550513
0.550463
0.550414
0.550365
0.550315
0.550266
0.550216
0.550167
0.550118
0.550068
0.550019
0.54997
0.549921
0.549871
0.549822
0.549773
0.549723
0.549674
0.549625
0.549576
0.549527
0.549477
0.549428
0.549379
0.54933
0.549281
0.549232
0.549183
0.549133
0.549084
0.549035
0.548986
0.548937
0.548888
0.548839
0.54879
0.548741
0.548692
0.548643
0.548594
0.548545
0.548496
0.548447
0.548398
0.548349
0.5483
0.548252
0.548203
0.548154
0.548105
0.548056
0.548007
0.547958
0.54791
0.547861
0.547812
0.547763
0.547715
0.547666
0.547617
0.547568
0.54752
0.547471
0.547422
0.547373
0.547325
0.547276
0.547228
0.547179
0.54713
0.547082
0.547033
0.546984
0.546936
0.546887
0.546839
0.54679
0.546742
0.546693
0.546645
0.546596
0.546548
0.546499
0.546451
0.546402
0.546354
0.546305
0.546257
0.546209
0.54616
0.546112
0.546063
0.546015
0.545967
0.545918
0.54587
0.545822
0.545773
0.545725
0.545677
0.545629
0.54558
0.545532
0.545484
0.545436
0.545387
0.545339
0.545291
0.545243
0.545195
0.545147
0.545098
0.54505
0.545002
0.544954
0.544906
0.544858
0.54481
0.544762
0.544714
0.544666
0.544618
0.54457
0.544522
0.544474
0.544426
0.544378
0.54433
0.544282
0.544234
0.544186
0.544138
0.54409
0.544042
0.543994
0.543946
0.543899
0.543851
0.543803
0.543755
0.543707
0.543659
0.543612
0.543564
0.543516
0.543468
0.543421
0.543373
0.543325
0.543277
0.54323
0.543182
0.543134
0.543087
0.543039
0.542991
0.542944
0.542896
0.542848
0.542801
0.542753
0.542706
0.542658
0.542611
0.542563
0.542515
0.542468
0.54242
0.542373
0.542325
0.542278
0.54223
0.542183
0.542136
0.542088
0.542041
0.541993
0.541946
0.541899
0.541851
0.541804
0.541756
0.541709
0.541662
0.541614
0.541567
0.54152
0.541472
0.541425
0.541378
0.541331
0.541283
0.541236
0.541189
0.541142
0.541095
0.541047
0.541
0.540953
0.540906
0.540859
0.540812
0.540764
0.540717
0.54067
0.540623
0.540576
0.540529
0.540482
0.540435
0.540388
0.540341
0.540294
0.540247
0.5402
0.540153
0.540106
0.540059
0.540012
0.539965
0.539918
0.539871
0.539824
0.539777
0.53973
0.539683
0.539637
0.53959
0.539543
0.539496
0.539449
0.539402
0.539356
0.539309
0.539262
0.539215
0.539169
0.539122
0.539075
0.539028
0.538982
0.538935
0.538888
0.538841
0.538795
0.538748
0.538701
0.538655
0.538608
0.538562
0.538515
0.538468
0.538422
0.538375
0.538329
0.538282
0.538236
0.538189
0.538142
0.538096
0.538049
0.538003
0.537956
0.53791
0.537863
0.537817
0.537771
0.537724
0.537678
0.537631
0.537585
0.537539
0.537492
0.537446
0.537399
0.537353
0.537307
0.53726
0.537214
0.537168
0.537121
0.537075
0.537029
0.536983
0.536936
0.53689
0.536844
0.536798
0.536751
0.536705
0.536659
0.536613
0.536567
0.536521
0.536474
0.536428
0.536382
0.536336
0.53629
0.536244
0.536198
0.536152
0.536106
0.536059
0.536013
0.535967
0.535921
0.535875
0.535829
0.535783
0.535737
0.535691
0.535645
0.535599
0.535554
0.535508
0.535462
0.535416
0.53537
0.535324
0.535278
0.535232
0.535186
0.53514
0.535095
0.535049
0.535003
0.534957
0.534911
0.534866
0.53482
0.534774
0.534728
0.534682
0.534637
0.534591
0.534545
0.5345
0.534454
0.534408
0.534362
0.534317
0.534271
0.534225
0.53418
0.534134
0.534089
0.534043
0.533997
0.533952
0.533906
0.533861
0.533815
0.533769
0.533724
0.533678
0.533633
0.533587
0.533542
0.533496
0.533451
0.533405
0.53336
0.533314
0.533269
0.533224
0.533178
0.533133
0.533087
0.533042
0.532997
0.532951
0.532906
0.53286
0.532815
0.53277
0.532724
0.532679
0.532634
0.532588
0.532543
0.532498
0.532453
0.532407
0.532362
0.532317
0.532272
0.532226
0.532181
0.532136
0.532091
0.532046
0.532
0.531955
0.53191
0.531865
0.53182
0.531775
0.53173
0.531685
0.531639
0.531594
0.531549
0.531504
0.531459
0.531414
0.531369
0.531324
0.531279
0.531234
0.531189
0.531144
0.531099
0.531054
0.531009
0.530964
0.530919
0.530874
0.530829
0.530784
0.53074
0.530695
0.53065
0.530605
0.53056
0.530515
0.53047
0.530426
0.530381
0.530336
0.530291
0.530246
0.530201
0.530157
0.530112
0.530067
0.530022
0.529978
0.529933
0.529888
0.529844
0.529799
0.529754
0.529709
0.529665
0.52962
0.529575
0.529531
0.529486
0.529442
0.529397
0.529352
0.529308
0.529263
0.529219
0.529174
0.529129
0.529085
0.52904
0.528996
0.528951
0.528907
0.528862
0.528818
0.528773
0.528729
0.528684
0.52864
0.528595
0.528551
0.528506
0.528462
0.528418
0.528373
0.528329
0.528284
0.52824
0.528196
0.528151
0.528107
0.528063
0.528018
0.527974
0.52793
0.527885
0.527841
0.527797
0.527752
0.527708
0.527664
0.52762
0.527575
0.527531
0.527487
0.527443
0.527399
0.527354
0.52731
0.527266
0.527222
0.527178
0.527134
0.527089
0.527045
0.527001
0.526957
0.526913
0.526869
0.526825
0.526781
0.526737
0.526693
0.526648
0.526604
0.52656
0.526516
0.526472
0.526428
0.526384
0.52634
0.526296
0.526252
0.526208
0.526165
0.526121
0.526077
0.526033
0.525989
0.525945
0.525901
0.525857
0.525813
0.525769
0.525725
0.525682
0.525638
0.525594
0.52555
0.525506
0.525462
0.525419
0.525375
0.525331
0.525287
0.525244
0.5252
0.525156
0.525112
0.525069
0.525025
0.524981
0.524937
0.524894
0.52485
0.524806
0.524763
0.524719
0.524675
0.524632
0.524588
0.524545
0.524501
0.524457
0.524414
0.52437
0.524327
0.524283
0.524239
0.524196
0.524152
0.524109
0.524065
0.524022
0.523978
0.523935
0.523891
0.523848
0.523804
0.523761
0.523717
0.523674
0.52363
0.523587
0.523544
0.5235
0.523457
0.523413
0.52337
0.523327
0.523283
0.52324
0.523196
0.523153
0.52311
0.523066
0.523023
0.52298
0.522936
0.522893
0.52285
0.522807
0.522763
0.52272
0.522677
0.522634
0.52259
0.522547
0.522504
0.522461
0.522417
0.522374
0.522331
0.522288
0.522245
0.522202
0.522158
0.522115
0.522072
0.522029
0.521986
0.521943
0.5219
0.521857
0.521813
0.52177
0.521727
0.521684
0.521641
0.521598
0.521555
0.521512
0.521469
0.521426
0.521383
0.52134
0.521297
0.521254
0.521211
0.521168
0.521125
0.521082
0.521039
0.520996
0.520954
0.520911
0.520868
0.520825
0.520782
0.520739
0.520696
0.520653
0.52061
0.520568
0.520525
0.520482
0.520439
0.520396
0.520354
0.520311
0.520268
0.520225
0.520182
0.52014
0.520097
0.520054
0.520011
0.519969
0.519926
0.519883
0.519841
0.519798
0.519755
0.519712
0.51967
0.519627
0.519584
0.519542
0.519499
0.519457
0.519414
0.519371
0.519329
0.519286
0.519243
0.519201
0.519158
0.519116
0.519073
0.519031
0.518988
0.518946
0.518903
0.518861
0.518818
0.518776
0.518733
0.518691
0.518648
0.518606
0.518563
0.518521
0.518478
0.518436
0.518393
0.518351
0.518309
0.518266
0.518224
0.518181
0.518139
0.518097
0.518054
0.518012
0.51797
0.517927
0.517885
0.517843
0.5178
0.517758
0.517716
0.517673
0.517631
0.517589
0.517546
0.517504
0.517462
0.51742
0.517377
0.517335
0.517293
0.517251
0.517209
0.517166
0.517124
0.517082
0.51704
0.516998
0.516956
0.516913
0.516871
0.516829
0.516787
0.516745
0.516703
0.516661
0.516619
0.516576
0.516534
0.516492
0.51645
0.516408
0.516366
0.516324
0.516282
0.51624
0.516198
0.516156
0.516114
