0.451094
0.45219
0.453287
0.454383
0.455479
0.456575
0.457671
0.458767
0.459863
0.460959
0.462055
0.46315
0.464246
0.465342
0.466437
0.467532
0.468628
0.469723
0.470818
0.471913
0.473009
0.474104
0.475199
0.476293
0.477388
0.478483
0.479578
0.480672
0.481767
0.482861
0.483956
0.48505
0.486145
0.487239
0.488333
0.489427
0.490521
0.491615
0.492709
0.493803
0.494897
0.49599
0.497084
0.498178
0.499271
0.500365
0.501458
0.502551
0.503644
0.504738
0.505831
0.506924
0.508017
0.50911
0.510203
0.511295
0.512388
0.513481
0.514573
0.515666
0.516758
0.517851
0.518943
0.520035
0.521127
0.52222
0.523312
0.524404
0.525496
0.526587
0.527679
0.528771
0.529863
0.530954
0.532046
0.533137
0.534229
0.53532
0.536411
0.537502
0.538594
0.539685
0.540776
0.541867
0.542958
0.544048
0.545139
0.54623
0.54732
0.548411
0.549501
0.550592
0.551682
0.552772
0.553863
0.554953
0.556043
0.557133
0.558223
0.559313
0.560402
0.561492
0.562582
0.563672
0.564761
0.565851
0.56694
0.568029
0.569119
0.570208
0.571297
0.572386
0.573475
0.574564
0.575653
0.576742
0.577831
0.578919
0.580008
0.581096
0.582185
0.583273
0.584362
0.58545
0.586538
0.587626
0.588714
0.589802
0.59089
0.591978
0.593066
0.594154
0.595242
0.596329
0.597417
0.598504
0.599592
0.600679
0.601766
0.602854
0.603941
0.605028
0.606115
0.607202
0.608289
0.609376
0.610462
0.611549
0.612636
0.613722
0.614809
0.615895
0.616981
0.618068
0.619154
0.62024
0.621326
0.622412
0.623498
0.624584
0.62567
0.626756
0.627841
0.628927
0.630013
0.631098
0.632184
0.633269
0.634354
0.635439
0.636525
0.63761
0.638695
0.63978
0.640865
0.641949
0.643034
0.644119
0.645203
0.646288
0.647372
0.648457
0.649541
0.650626
0.65171
0.652794
0.653878
0.654962
0.656046
0.65713
0.658214
0.659297
0.660381
0.661465
0.662548
0.663632
0.664715
0.665799
0.666882
0.667965
0.669048
0.670131
0.671214
0.672297
0.67338
0.674463
0.675546
0.676628
0.677711
0.678793
0.679876
0.680958
0.682041
0.683123
0.684205
0.685287
0.686369
0.687451
0.688533
0.689615
0.690697
0.691779
0.69286
0.693942
0.695023
0.696105
0.697186
0.698268
0.699349
0.70043
0.701511
0.702592
0.703673
0.704754
0.705835
0.706916
0.707997
0.709077
0.710158
0.711238
0.712319
0.713399
0.714479
0.71556
0.71664
0.71772
0.7188
0.71988
0.72096
0.72204
0.723119
0.724199
0.725279
0.726358
0.727438
0.728517
0.729597
0.730676
0.731755
0.732834
0.733913
0.734992
0.736071
0.73715
0.738229
0.739308
0.740386
0.741465
0.742544
0.743622
0.7447
0.745779
0.746857
0.747935
0.749013
0.750091
0.751169
0.752247
0.753325
0.754403
0.755481
0.756558
0.757636
0.758713
0.759791
0.760868
0.761946
0.763023
0.7641
0.765177
0.766254
0.767331
0.768408
0.769485
0.770562
0.771638
0.772715
0.773791
0.774868
0.775944
0.777021
0.778097
0.779173
0.780249
0.781325
0.782401
0.783477
0.784553
0.785629
0.786705
0.78778
0.788856
0.789931
0.791007
0.792082
0.793158
0.794233
0.795308
0.796383
0.797458
0.798533
0.799608
0.800683
0.801758
0.802832
0.803907
0.804981
0.806056
0.80713
0.808205
0.809279
0.810353
0.811427
0.812501
0.813575
0.814649
0.815723
0.816797
0.817871
0.818944
0.820018
0.821091
0.822165
0.823238
0.824311
0.825385
0.826458
0.827531
0.828604
0.829677
0.83075
0.831823
0.832895
0.833968
0.835041
0.836113
0.837186
0.838258
0.83933
0.840403
0.841475
0.842547
0.843619
0.844691
0.845763
0.846835
0.847906
0.848978
0.85005
0.851121
0.852193
0.853264
0.854335
0.855407
0.856478
0.857549
0.85862
0.859691
0.860762
0.861833
0.862904
0.863974
0.865045
0.866115
0.867186
0.868256
0.869327
0.870397
0.871467
0.872537
0.873607
0.874677
0.875747
0.876817
0.877887
0.878957
0.880026
0.881096
0.882165
0.883235
0.884304
0.885374
0.886443
0.887512
0.888581
0.88965
0.890719
0.891788
0.892857
0.893925
0.894994
0.896063
0.897131
0.8982
0.899268
0.900336
0.901404
0.902473
0.903541
0.904609
0.905677
0.906745
0.907812
0.90888
0.909948
0.911015
0.912083
0.91315
0.914218
0.915285
0.916352
0.917419
0.918487
0.919554
0.92062
0.921687
0.922754
0.923821
0.924888
0.925954
0.927021
0.928087
0.929154
0.93022
0.931286
0.932352
0.933418
0.934484
0.93555
0.936616
0.937682
0.938748
0.939813
0.940879
0.941945
0.94301
0.944075
0.945141
0.946206
0.947271
0.948336
0.949401
0.950466
0.951531
0.952596
0.953661
0.954725
0.95579
0.956855
0.957919
0.958983
0.960048
0.961112
0.962176
0.96324
0.964304
0.965368
0.966432
0.967496
0.96856
0.969623
0.970687
0.971751
0.972814
0.973877
0.974941
0.976004
0.977067
0.97813
0.979193
0.980256
0.981319
0.982382
0.983445
0.984507
0.98557
0.986633
0.987695
0.988757
0.98982
0.990882
0.991944
0.993006
0.994068
0.99513
0.996192
0.997254
0.998316
0.999378
1.00044
1.0015
1.00256
1.00362
1.00468
1.00575
1.00681
1.00787
1.00893
1.00999
1.01105
1.01211
1.01317
1.01423
1.01529
1.01635
1.01742
1.01848
1.01954
1.0206
1.02166
1.02272
1.02378
1.02484
1.0259
1.02696
1.02802
1.02908
1.03014
1.0312
1.03226
1.03331
1.03437
1.03543
1.03649
1.03755
1.03861
1.03967
1.04073
1.04179
1.04285
1.04391
1.04496
1.04602
1.04708
1.04814
1.0492
1.05026
1.05131
1.05237
1.05343
1.05449
1.05555
1.05661
1.05766
1.05872
1.05978
1.06084
1.06189
1.06295
1.06401
1.06507
1.06612
1.06718
1.06824
1.0693
1.07035
1.07141
1.07247
1.07352
1.07458
1.07564
1.07669
1.07775
1.07881
1.07986
1.08092
1.08198
1.08303
1.08409
1.08514
1.0862
1.08726
1.08831
1.08937
1.09042
1.09148
1.09254
1.09359
1.09465
1.0957
1.09676
1.09781
1.09887
1.09992
1.10098
1.10203
1.10309
1.10415
1.1052
1.10625
1.10731
1.10836
1.10942
1.11047
1.11153
1.11258
1.11364
1.11469
1.11575
1.1168
1.11786
1.11891
1.11996
1.12102
1.12207
1.12313
1.12418
1.12523
1.12629
1.12734
1.12839
1.12945
1.1305
1.13156
1.13261
1.13366
1.13472
1.13577
1.13682
1.13788
1.13893
1.13998
1.14104
1.14209
1.14314
1.14419
1.14525
1.1463
1.14735
1.14841
1.14946
1.15051
1.15156
1.15262
1.15367
1.15472
1.15577
1.15683
1.15788
1.15893
1.15998
1.16103
1.16209
1.16314
1.16419
1.16524
1.16629
1.16735
1.1684
1.16945
1.1705
1.17155
1.17261
1.17366
1.17471
1.17576
1.17681
1.17786
1.17892
1.17997
1.18102
1.18207
1.18312
1.18417
1.18522
1.18627
1.18733
1.18838
1.18943
1.19048
1.19153
1.19258
1.19363
1.19468
1.19573
1.19679
1.19784
1.19889
1.19994
1.20099
1.20204
1.20309
1.20414
1.20519
1.20624
1.20729
1.20834
1.2094
1.21045
1.2115
1.21255
1.2136
1.21465
1.2157
1.21675
1.2178
1.21885
1.2199
1.22095
1.222
1.22305
1.2241
1.22516
1.22621
1.22726
1.22831
1.22936
1.23041
1.23146
1.23251
1.23356
1.23461
1.23566
1.23671
1.23776
1.23881
1.23986
1.24091
1.24196
1.24302
1.24407
1.24512
1.24617
1.24722
1.24827
1.24932
1.25037
1.25142
1.25247
1.25352
1.25457
1.25563
1.25668
1.25773
1.25878
1.25983
1.26088
1.26193
1.26298
1.26403
1.26508
1.26614
1.26719
1.26824
1.26929
1.27034
1.27139
1.27244
1.2735
1.27455
1.2756
1.27665
1.2777
1.27876
1.27981
1.28086
1.28191
1.28296
1.28402
1.28507
1.28612
1.28717
1.28823
1.28928
1.29033
1.29138
1.29244
1.29349
1.29454
1.2956
1.29665
1.2977
1.29876
1.29981
1.30086
1.30192
1.30297
1.30402
1.30508
1.30613
1.30719
1.30824
1.30929
1.31035
1.3114
1.31246
1.31351
1.31457
1.31562
1.31668
1.31773
1.31879
1.31985
1.3209
1.32196
1.32301
1.32407
1.32513
1.32618
1.32724
1.3283
1.32935
1.33041
1.33147
1.33253
1.33358
1.33464
1.3357
1.33676
1.33782
1.33888
1.33994
1.34099
1.34205
1.34311
1.34417
1.34523
1.34629
1.34735
1.34841
1.34947
1.35054
1.3516
1.35266
1.35372
1.35478
1.35584
1.35691
1.35797
1.35903
1.3601
1.36116
1.36222
1.36329
1.36435
1.36541
1.36648
1.36754
1.36861
1.36968
1.37074
1.37181
1.37287
1.37394
1.37501
1.37607
1.37714
1.37821
1.37928
1.38035
1.38142
1.38249
1.38355
1.38462
1.3857
1.38677
1.38784
1.38891
1.38998
1.39105
1.39212
1.3932
1.39427
1.39534
1.39642
1.39749
1.39857
1.39964
1.40072
1.40179
1.40287
1.40395
1.40502
1.4061
1.40718
1.40826
1.40934
1.41042
1.4115
1.41258
1.41366
1.41474
1.41582
1.4169
1.41799
1.41907
1.42015
1.42124
1.42232
1.42341
1.42449
1.42558
1.42667
1.42775
1.42884
1.42993
1.43102
1.43211
1.4332
1.43429
1.43538
1.43647
1.43756
1.43866
1.43975
1.44085
1.44194
1.44304
1.44413
1.44523
1.44633
1.44742
1.44852
1.44962
1.45072
1.45182
1.45292
1.45403
1.45513
1.45623
1.45733
1.45844
1.45954
1.46065
1.46176
1.46287
1.46397
1.46508
1.46619
1.4673
1.46841
1.46953
1.47064
1.47175
1.47287
1.47398
1.4751
1.47621
1.47733
1.47845
1.47957
1.48069
1.48181
1.48293
1.48405
1.48518
1.4863
1.48743
1.48855
1.48968
1.49081
1.49194
1.49307
1.4942
1.49533
1.49646
1.49759
1.49873
1.49986
1.501
1.50213
1.50327
1.50441
1.50555
1.50669
1.50783
1.50898
1.51012
1.51127
1.51241
1.51356
1.51471
1.51586
1.51701
1.51816
1.51931
1.52046
1.52162
1.52277
1.52393
1.52509
1.52624
1.5274
1.52857
1.52973
1.53089
1.53205
1.53322
1.53439
1.53555
1.53672
1.53789
1.53906
1.54024
1.54141
1.54259
1.54376
1.54494
1.54612
1.5473
1.54848
1.54966
1.55084
1.55203
1.55321
1.5544
1.55559
1.55678
1.55797
1.55916
1.56035
1.56155
1.56275
1.56394
1.56514
1.56634
1.56754
1.56875
1.56995
1.57115
1.57236
1.57357
1.57478
1.57599
1.5772
1.57842
1.57963
1.58085
1.58206
1.58328
1.5845
1.58572
1.58695
1.58817
1.5894
1.59063
1.59186
1.59309
1.59432
1.59555
1.59678
1.59802
1.59926
1.6005
1.60174
1.60298
1.60422
1.60547
1.60671
1.60796
1.60921
1.61046
1.61171
1.61297
1.61422
1.61548
1.61674
1.618
1.61926
1.62052
1.62179
1.62305
1.62432
1.62559
1.62686
1.62813
1.6294
1.63068
1.63196
1.63323
1.63451
1.63579
1.63708
1.63836
1.63965
1.64093
1.64222
1.64351
1.64481
1.6461
1.64739
1.64869
1.64999
1.65129
1.65259
1.65389
1.6552
1.6565
1.65781
1.65912
1.66043
1.66174
1.66305
1.66437
1.66569
1.667
1.66832
1.66965
1.67097
1.67229
1.67362
1.67495
1.67627
1.67761
1.67894
1.68027
1.68161
1.68294
1.68428
1.68562
1.68696
1.6883
1.68965
1.69099
1.69234
1.69369
1.69504
1.69639
1.69774
1.6991
1.70045
1.70181
1.70317
1.70453
1.70589
1.70726
1.70862
1.70999
1.71135
1.71272
1.71409
1.71547
1.71684
1.71821
1.71959
1.72097
1.72235
1.72373
1.72511
1.72649
1.72788
1.72926
1.73065
1.73204
1.73343
1.73482
1.73621
1.7376
1.739
1.74039
1.74179
1.74319
1.74459
1.74599
1.7474
1.7488
1.7502
1.75161
1.75302
1.75443
1.75584
1.75725
1.75866
1.76007
1.76149
1.7629
1.76432
1.76574
1.76716
1.76858
1.77
1.77142
1.77284
1.77427
1.7757
1.77712
1.77855
1.77998
1.78141
1.78284
1.78427
1.7857
1.78714
1.78857
1.79001
1.79144
1.79288
1.79432
1.79576
1.7972
1.79864
1.80008
1.80152
1.80297
1.80441
1.80585
1.8073
1.80875
1.81019
1.81164
1.81309
1.81454
1.81599
1.81744
1.81889
1.82034
1.8218
1.82325
1.8247
1.82616
1.82761
1.82907
1.83053
1.83198
1.83344
1.8349
1.83636
1.83782
1.83928
1.84074
1.8422
1.84366
1.84512
1.84658
1.84804
1.8495
1.85097
1.85243
1.85389
1.85536
1.85682
1.85828
1.85975
1.86121
1.86268
1.86414
1.86561
1.86707
1.86854
1.87001
1.87147
1.87294
1.8744
1.87587
1.87734
1.8788
1.88027
1.88174
1.8832
1.88467
1.88613
1.8876
1.88907
1.89053
1.892
1.89347
1.89493
1.8964
1.89786
1.89933
1.90079
1.90226
1.90372
1.90519
1.90665
1.90812
1.90958
1.91104
1.91251
1.91397
1.91543
1.91689
1.91836
1.91982
1.92128
1.92274
1.9242
1.92566
1.92712
1.92858
1.93003
1.93149
1.93295
1.93441
1.93586
1.93732
1.93877
1.94023
1.94168
1.94313
1.94459
1.94604
1.94749
1.94894
1.95039
1.95184
1.95329
1.95473
1.95618
1.95762
1.95907
1.96051
1.96196
1.9634
1.96484
1.96628
1.96772
1.96916
1.9706
1.97204
1.97347
1.97491
1.97634
1.97778
1.97921
1.98064
1.98207
1.9835
1.98493
1.98635
1.98778
1.9892
1.99063
1.99205
1.99347
1.99489
1.99631
1.99773
1.99915
2.00056
2.00198
2.00339
2.0048
2.00621
2.00762
2.00903
2.01044
2.01185
2.01325
2.01465
2.01605
2.01746
2.01885
2.02025
2.02165
2.02304
2.02444
2.02583
2.02722
2.02861
2.03
2.03139
2.03277
2.03415
2.03554
2.03692
2.0383
2.03967
2.04105
2.04243
2.0438
2.04517
2.04654
2.04791
2.04928
2.05064
2.05201
2.05337
2.05473
2.05609
2.05745
2.0588
2.06016
2.06151
2.06286
2.06421
2.06556
2.0669
2.06825
2.06959
2.07093
2.07227
2.07361
2.07495
2.07628
2.07761
2.07894
2.08027
2.0816
2.08293
2.08425
2.08557
2.08689
2.08821
2.08953
2.09084
2.09216
2.09347
2.09478
2.09609
2.09739
2.0987
2.1
2.1013
2.1026
2.1039
2.10519
2.10649
2.10778
2.10907
2.11036
2.11164
2.11293
2.11421
2.11549
2.11677
2.11805
2.11932
2.1206
2.12187
2.12314
2.1244
2.12567
2.12693
2.1282
2.12946
2.13071
2.13197
2.13323
2.13448
2.13573
2.13698
2.13823
2.13947
2.14071
2.14196
2.1432
2.14443
2.14567
2.1469
2.14814
2.14937
2.15059
2.15182
2.15304
2.15427
2.15549
2.15671
2.15792
2.15914
2.16035
2.16156
2.16277
2.16398
2.16519
2.16639
2.16759
2.16879
2.16999
2.17119
2.17238
2.17357
2.17476
2.17595
2.17714
2.17832
2.17951
2.18069
2.18187
2.18304
2.18422
2.18539
2.18657
2.18774
2.1889
2.19007
2.19123
2.1924
2.19356
2.19472
2.19587
2.19703
2.19818
2.19933
2.20048
2.20163
2.20278
2.20392
2.20507
2.20621
2.20735
2.20848
2.20962
2.21075
2.21188
2.21301
2.21414
2.21527
2.21639
2.21752
2.21864
2.21976
2.22087
2.22199
2.2231
2.22422
2.22533
2.22643
2.22754
2.22865
2.22975
2.23085
2.23195
2.23305
2.23415
2.23524
2.23634
2.23743
2.23852
2.23961
2.24069
2.24178
2.24286
2.24394
2.24502
2.2461
2.24718
2.24825
2.24933
2.2504
2.25147
2.25254
2.2536
2.25467
2.25573
2.25679
2.25786
2.25891
2.25997
2.26103
2.26208
2.26313
2.26418
2.26523
2.26628
2.26733
2.26837
2.26942
2.27046
2.2715
2.27254
2.27357
2.27461
2.27564
2.27668
2.27771
2.27874
2.27977
2.28079
2.28182
2.28284
2.28386
2.28489
2.2859
2.28692
2.28794
2.28895
2.28997
2.29098
2.29199
2.293
2.29401
2.29502
2.29602
2.29703
2.29803
2.29903
2.30003
2.30103
2.30203
2.30302
2.30402
2.30501
2.306
2.30699
2.30798
2.30897
2.30996
2.31094
2.31193
2.31291
2.31389
2.31487
2.31585
2.31683
2.3178
2.31878
2.31975
2.32073
2.3217
2.32267
2.32364
2.32461
2.32557
2.32654
2.3275
2.32847
2.32943
2.33039
2.33135
2.33231
2.33327
2.33422
2.33518
2.33613
2.33708
2.33804
2.33899
2.33994
2.34088
2.34183
2.34278
2.34372
2.34467
2.34561
2.34655
2.34749
2.34843
2.34937
2.35031
2.35125
2.35218
2.35312
2.35405
2.35498
2.35591
2.35684
2.35777
2.3587
2.35963
2.36056
2.36148
2.36241
2.36333
2.36425
2.36518
2.3661
2.36702
2.36794
2.36885
2.36977
2.37069
2.3716
2.37252
2.37343
2.37434
2.37526
2.37617
2.37708
2.37799
2.37889
2.3798
2.38071
2.38161
2.38252
2.38342
2.38432
2.38523
2.38613
2.38703
2.38793
2.38883
2.38973
2.39062
2.39152
2.39242
2.39331
2.39421
2.3951
2.39599
2.39688
2.39777
2.39866
2.39955
2.40044
2.40133
2.40222
2.40311
2.40399
2.40488
2.40576
2.40665
2.40753
2.40841
2.40929
2.41017
2.41105
2.41193
2.41281
2.41369
2.41457
2.41545
2.41632
2.4172
2.41807
2.41895
2.41982
2.42069
2.42157
2.42244
2.42331
2.42418
2.42505
2.42592
2.42679
2.42765
2.42852
2.42939
2.43026
2.43112
2.43199
2.43285
2.43371
2.43458
2.43544
2.4363
2.43716
2.43803
2.43889
2.43975
2.44061
2.44146
2.44232
2.44318
2.44404
2.44489
2.44575
2.44661
2.44746
2.44832
2.44917
2.45002
2.45088
2.45173
2.45258
2.45343
2.45429
2.45514
2.45599
2.45684
2.45769
2.45854
2.45938
2.46023
2.46108
2.46193
2.46277
2.46362
2.46447
2.46531
2.46616
2.467
2.46784
2.46869
2.46953
2.47037
2.47122
2.47206
2.4729
2.47374
2.47458
2.47542
2.47626
2.4771
2.47794
2.47878
2.47962
2.48045
2.48129
2.48213
2.48297
2.4838
2.48464
2.48547
2.48631
2.48715
2.48798
2.48881
2.48965
2.49048
2.49131
2.49215
2.49298
2.49381
2.49464
2.49548
2.49631
2.49714
2.49797
2.4988
2.49963
2.50046
2.50129
2.50212
2.50295
2.50377
2.5046
2.50543
2.50626
2.50709
2.50791
2.50874
2.50957
2.51039
2.51122
2.51204
2.51287
2.51369
2.51452
2.51534
2.51617
2.51699
2.51781
2.51864
2.51946
2.52028
2.52111
2.52193
2.52275
2.52357
2.52439
2.52521
2.52604
2.52686
2.52768
2.5285
2.52932
2.53014
2.53096
2.53178
2.5326
2.53342
2.53423
2.53505
2.53587
2.53669
2.53751
2.53832
2.53914
2.53996
2.54078
2.54159
2.54241
2.54323
2.54404
2.54486
2.54568
2.54649
2.54731
2.54812
2.54894
2.54975
2.55057
2.55138
2.5522
2.55301
2.55382
2.55464
2.55545
2.55626
2.55708
2.55789
2.5587
2.55952
2.56033
2.56114
2.56195
2.56277
2.56358
2.56439
2.5652
2.56601
2.56682
2.56764
2.56845
2.56926
2.57007
2.57088
2.57169
2.5725
2.57331
2.57412
2.57493
2.57574
2.57655
2.57736
2.57817
2.57898
2.57979
2.58059
2.5814
2.58221
2.58302
2.58383
2.58464
2.58545
2.58625
2.58706
2.58787
2.58868
2.58948
2.59029
2.5911
2.59191
2.59271
2.59352
2.59433
2.59513
2.59594
2.59675
2.59755
2.59836
2.59917
2.59997
2.60078
2.60158
2.60239
2.60319
2.604
2.60481
2.60561
2.60642
2.60722
2.60803
2.60883
2.60964
2.61044
2.61125
2.61205
2.61285
2.61366
2.61446
2.61527
2.61607
2.61688
2.61768
2.61848
2.61929
2.62009
2.62089
2.6217
2.6225
2.6233
2.62411
2.62491
2.62571
2.62652
2.62732
2.62812
2.62893
2.62973
2.63053
2.63133
2.63214
2.63294
2.63374
2.63454
2.63535
2.63615
2.63695
2.63775
2.63855
2.63936
2.64016
2.64096
2.64176
2.64256
2.64337
2.64417
2.64497
2.64577
2.64657
2.64737
2.64817
2.64897
2.64978
2.65058
2.65138
2.65218
2.65298
2.65378
2.65458
2.65538
2.65618
2.65698
2.65778
2.65858
2.65938
2.66018
2.66099
2.66179
2.66259
2.66339
2.66419
2.66499
2.66579
2.66659
2.66739
2.66819
2.66899
2.66979
2.67059
2.67138
2.67218
2.67298
2.67378
2.67458
2.67538
2.67618
2.67698
2.67778
2.67858
2.67938
2.68018
2.68098
2.68178
2.68258
2.68337
2.68417
2.68497
2.68577
2.68657
2.68737
2.68817
2.68897
2.68977
2.69056
2.69136
2.69216
2.69296
2.69376
2.69456
2.69536
2.69615
2.69695
2.69775
2.69855
2.69935
2.70014
2.70094
2.70174
2.70254
2.70334
2.70414
2.70493
2.70573
2.70653
2.70733
2.70812
2.70892
2.70972
2.71052
2.71132
2.71211
2.71291
2.71371
2.71451
2.7153
2.7161
2.7169
2.7177
2.71849
2.71929
2.72009
2.72089
2.72168
2.72248
2.72328
2.72407
2.72487
2.72567
2.72647
2.72726
2.72806
2.72886
2.72965
2.73045
2.73125
2.73204
2.73284
2.73364
2.73443
2.73523
2.73603
2.73682
2.73762
2.73842
2.73921
2.74001
2.74081
2.7416
2.7424
2.7432
2.74399
2.74479
2.74558
2.74638
2.74718
2.74797
2.74877
2.74957
2.75036
2.75116
2.75195
2.75275
2.75355
2.75434
2.75514
2.75593
2.75673
2.75752
2.75832
2.75912
2.75991
2.76071
2.7615
2.7623
2.76309
2.76389
2.76468
2.76548
2.76628
2.76707
2.76787
2.76866
2.76946
2.77025
2.77105
2.77184
2.77264
2.77343
2.77423
2.77502
2.77582
2.77661
2.77741
2.7782
2.779
2.77979
2.78058
2.78138
2.78217
2.78297
2.78376
2.78456
2.78535
2.78615
2.78694
2.78773
2.78853
2.78932
2.79012
2.79091
2.7917
2.7925
2.79329
2.79409
2.79488
2.79567
2.79647
2.79726
2.79805
2.79885
2.79964
2.80043
2.80123
2.80202
2.80281
2.80361
2.8044
2.80519
2.80599
2.80678
2.80757
2.80836
2.80916
2.80995
2.81074
2.81153
2.81233
2.81312
2.81391
2.8147
2.8155
2.81629
2.81708
2.81787
2.81866
2.81946
2.82025
2.82104
2.82183
2.82262
2.82341
2.8242
2.825
2.82579
2.82658
2.82737
2.82816
2.82895
2.82974
2.83053
2.83132
2.83211
2.8329
2.83369
2.83448
2.83527
2.83606
2.83685
2.83764
2.83843
2.83922
2.84001
2.8408
2.84159
2.84238
2.84317
2.84395
2.84474
2.84553
2.84632
2.84711
2.8479
2.84868
2.84947
2.85026
2.85105
2.85183
2.85262
2.85341
2.85419
2.85498
2.85577
2.85655
2.85734
2.85813
2.85891
2.8597
2.86048
2.86127
2.86205
2.86284
2.86362
2.86441
2.86519
2.86598
2.86676
2.86755
2.86833
2.86911
2.8699
2.87068
2.87146
2.87224
2.87303
2.87381
2.87459
2.87537
2.87615
2.87694
2.87772
2.8785
2.87928
2.88006
2.88084
2.88162
2.8824
2.88318
2.88395
2.88473
2.88551
2.88629
2.88707
2.88784
2.88862
2.8894
2.89017
2.89095
2.89173
2.8925
2.89328
2.89405
2.89483
2.8956
2.89637
2.89715
2.89792
2.89869
2.89946
2.90024
2.90101
2.90178
2.90255
2.90332
2.90409
2.90486
2.90563
2.90639
2.90716
2.90793
2.9087
2.90946
2.91023
2.91099
2.91176
2.91252
2.91329
2.91405
2.91481
2.91558
2.91634
2.9171
2.91786
2.91862
2.91938
2.92014
2.9209
2.92165
2.92241
2.92317
2.92392
2.92468
2.92543
2.92618
2.92694
2.92769
2.92844
2.92919
2.92994
2.93069
2.93144
2.93219
2.93293
2.93368
2.93443
2.93517
2.93591
2.93666
2.9374
2.93814
2.93888
2.93962
2.94036
2.9411
2.94183
2.94257
2.9433
2.94404
2.94477
2.9455
2.94623
2.94696
2.94769
2.94842
2.94915
2.94987
2.95059
2.95132
2.95204
2.95276
2.95348
2.9542
2.95492
2.95563
2.95635
2.95706
2.95777
2.95848
2.95919
2.9599
2.96061
2.96132
2.96202
2.96272
2.96342
2.96412
2.96482
2.96552
2.96621
2.96691
2.9676
2.96829
2.96898
2.96967
2.97035
2.97104
2.97172
2.9724
2.97308
2.97376
2.97443
2.97511
2.97578
2.97645
2.97712
2.97779
2.97845
2.97911
2.97977
2.98043
2.98109
2.98174
2.9824
2.98305
2.98369
2.98434
2.98498
2.98563
2.98627
2.9869
2.98754
2.98817
2.9888
2.98943
2.99006
2.99068
2.9913
2.99192
2.99253
2.99315
2.99376
2.99436
2.99497
2.99557
2.99617
2.99677
2.99736
2.99796
2.99854
2.99913
2.99971
3.00029
3.00087
3.00145
3.00202
3.00258
3.00315
3.00371
3.00427
3.00483
3.00538
3.00593
3.00647
3.00701
3.00755
3.00809
3.00862
3.00915
3.00967
3.0102
3.01071
3.01123
3.01174
3.01224
3.01275
3.01325
3.01374
3.01423
3.01472
3.0152
3.01568
3.01616
3.01663
3.0171
3.01756
3.01802
3.01847
3.01892
3.01937
3.01981
3.02025
3.02068
3.02111
3.02153
3.02195
3.02236
3.02277
3.02318
3.02358
3.02397
3.02436
3.02475
3.02513
3.0255
3.02587
3.02624
3.02659
3.02695
3.0273
3.02764
3.02798
3.02831
3.02864
3.02896
3.02928
3.02959
3.0299
3.0302
3.03049
3.03078
3.03106
3.03134
3.03161
3.03187
3.03213
3.03238
3.03263
3.03287
3.0331
3.03333
3.03355
3.03376
3.03397
3.03417
3.03437
3.03455
3.03473
3.03491
3.03508
3.03524
3.03539
3.03554
3.03568
3.03581
3.03594
3.03606
3.03617
3.03627
3.03637
3.03646
3.03654
3.03662
3.03668
3.03674
3.03679
3.03684
3.03687
3.0369
3.03692
3.03694
3.03694
3.03694
3.03693
3.03691
3.03688
3.03684
3.0368
3.03675
3.03668
3.03661
3.03654
3.03645
3.03635
3.03625
3.03614
3.03601
3.03588
3.03574
3.0356
3.03544
3.03527
3.0351
3.03491
3.03472
3.03451
3.0343
3.03408
3.03385
3.0336
3.03335
3.03309
3.03282
3.03254
3.03225
3.03195
3.03164
3.03132
3.03099
3.03065
3.0303
3.02994
3.02957
3.02919
3.0288
3.0284
3.02799
3.02756
3.02713
3.02669
3.02623
3.02577
3.02529
3.02481
3.02431
3.0238
3.02328
3.02275
3.02221
3.02166
3.0211
3.02052
3.01994
3.01934
3.01873
3.01811
3.01748
3.01684
3.01618
3.01552
3.01484
3.01415
3.01345
3.01274
3.01201
3.01128
3.01053
3.00977
3.009
3.00821
3.00742
3.00661
3.00579
3.00495
3.00411
3.00325
3.00238
3.0015
3.00061
2.9997
2.99878
2.99785
2.99691
2.99595
2.99498
2.994
2.99301
2.992
2.99098
2.98995
2.9889
2.98784
2.98677
2.98569
2.98459
2.98348
2.98236
2.98122
2.98007
2.97891
2.97773
2.97654
2.97534
2.97413
2.9729
2.97166
2.9704
2.96914
2.96785
2.96656
2.96525
2.96393
2.96259
2.96125
2.95988
2.95851
2.95712
2.95572
2.9543
2.95287
2.95143
2.94997
2.9485
2.94702
2.94552
2.94401
2.94249
2.94095
2.9394
2.93783
2.93625
2.93466
2.93305
2.93143
2.9298
2.92815
2.92649
2.92481
2.92312
2.92142
2.9197
2.91797
2.91623
2.91447
2.9127
2.91091
2.90912
2.9073
2.90548
2.90364
2.90178
2.89991
2.89803
2.89614
2.89423
2.8923
2.89037
2.88842
2.88645
2.88447
2.88248
2.88048
2.87846
2.87643
2.87438
2.87232
2.87025
2.86816
2.86606
2.86395
2.86182
2.85968
2.85752
2.85535
2.85317
2.85098
2.84877
2.84655
2.84431
2.84207
2.8398
2.83753
2.83524
2.83294
2.83062
2.8283
2.82595
2.8236
2.82123
2.81885
2.81646
2.81405
2.81163
2.8092
2.80676
2.8043
2.80183
2.79934
2.79685
2.79434
2.79182
2.78928
2.78674
2.78418
2.78161
2.77902
2.77642
2.77382
2.77119
2.76856
2.76591
2.76326
2.76059
2.7579
2.75521
2.7525
2.74978
2.74705
2.74431
2.74156
2.73879
2.73601
2.73323
2.73042
2.72761
2.72479
2.72195
2.71911
2.71625
2.71338
2.7105
2.70761
2.70471
2.70179
2.69887
2.69593
2.69299
2.69003
2.68706
2.68409
2.6811
2.6781
2.67509
2.67207
2.66904
2.666
2.66295
2.65989
2.65681
2.65373
2.65064
2.64754
2.64443
2.64131
2.63818
2.63504
2.63189
2.62874
2.62557
2.62239
2.6192
2.61601
2.6128
2.60959
2.60637
2.60314
2.5999
2.59665
2.59339
2.59013
2.58685
2.58357
2.58028
2.57698
2.57367
2.57036
2.56704
2.56371
2.56037
2.55702
2.55367
2.5503
2.54693
2.54356
2.54017
2.53678
2.53338
2.52998
2.52657
2.52315
2.51972
2.51629
2.51285
2.5094
2.50595
2.50249
2.49902
2.49555
2.49207
2.48859
2.4851
2.4816
2.4781
2.47459
2.47108
2.46756
2.46404
2.46051
2.45697
2.45343
2.44989
2.44633
2.44278
2.43922
2.43565
2.43208
2.42851
2.42493
2.42135
2.41776
2.41417
2.41057
2.40697
2.40336
2.39976
2.39614
2.39253
2.38891
2.38528
2.38166
2.37803
2.37439
2.37076
2.36711
2.36347
2.35983
2.35618
2.35252
2.34887
2.34521
2.34155
2.33789
2.33423
2.33056
2.32689
2.32322
2.31954
2.31587
2.31219
2.30851
2.30483
2.30115
2.29747
2.29378
2.29009
2.28641
2.28272
2.27903
2.27534
2.27164
2.26795
2.26426
2.26056
2.25687
2.25317
2.24947
2.24578
2.24208
2.23838
2.23469
2.23099
2.22729
2.22359
2.2199
2.2162
2.2125
2.20881
2.20511
2.20142
2.19772
2.19403
2.19034
2.18665
2.18296
2.17927
2.17558
2.17189
2.1682
2.16452
2.16084
2.15715
2.15347
2.1498
2.14612
2.14244
2.13877
2.1351
2.13143
2.12776
2.1241
2.12043
2.11677
2.11312
2.10946
2.10581
2.10216
2.09851
2.09486
2.09122
2.08758
2.08394
2.08031
2.07668
2.07305
2.06943
2.06581
2.06219
2.05857
2.05496
2.05135
2.04775
2.04415
2.04055
2.03696
2.03337
2.02978
2.0262
2.02263
2.01905
2.01548
2.01192
2.00836
2.0048
2.00125
1.9977
1.99416
1.99062
1.98708
1.98355
1.98003
1.97651
1.97299
1.96948
1.96598
1.96247
1.95898
1.95549
1.952
1.94852
1.94505
1.94157
1.93811
1.93465
1.9312
1.92775
1.9243
1.92087
1.91743
1.91401
1.91059
1.90717
1.90376
1.90036
1.89696
1.89357
1.89018
1.8868
1.88343
1.88006
1.8767
1.87334
1.86999
1.86665
1.86331
1.85998
1.85665
1.85333
1.85002
1.84672
1.84342
1.84013
1.83684
1.83356
1.83029
1.82702
1.82376
1.82051
1.81726
1.81402
1.81079
1.80756
1.80434
1.80113
1.79793
1.79473
1.79154
1.78835
1.78518
1.78201
1.77884
1.77569
1.77254
1.7694
1.76626
1.76314
1.76002
1.7569
1.7538
1.7507
1.74761
1.74452
1.74145
1.73838
1.73532
1.73226
1.72922
1.72618
1.72315
1.72012
1.71711
1.7141
1.7111
1.7081
1.70512
1.70214
1.69917
1.6962
1.69325
1.6903
1.68736
1.68443
1.6815
1.67859
1.67568
1.67277
1.66988
1.66699
1.66412
1.66125
1.65838
1.65553
1.65268
1.64984
1.64701
1.64419
1.64137
1.63856
1.63576
1.63297
1.63019
1.62741
1.62464
1.62188
1.61913
1.61639
1.61365
1.61092
1.6082
1.60549
1.60278
1.60009
1.5974
1.59472
1.59204
1.58938
1.58672
1.58407
1.58143
1.5788
1.57617
1.57356
1.57095
1.56835
1.56575
1.56317
1.56059
1.55802
1.55546
1.55291
1.55036
1.54782
1.5453
1.54277
1.54026
1.53776
1.53526
1.53277
1.53029
1.52781
1.52535
1.52289
1.52044
1.518
1.51556
1.51314
1.51072
1.50831
1.50591
1.50351
1.50112
1.49875
1.49637
1.49401
1.49166
1.48931
1.48697
1.48464
1.48231
1.48
1.47769
1.47539
1.4731
1.47081
1.46853
1.46626
1.464
1.46175
1.4595
1.45726
1.45503
1.45281
1.45059
1.44839
1.44619
1.44399
1.44181
1.43963
1.43746
1.4353
1.43314
1.431
1.42886
1.42673
1.4246
1.42249
1.42038
1.41827
1.41618
1.41409
1.41201
1.40994
1.40788
1.40582
1.40377
1.40173
1.39969
1.39767
1.39565
1.39363
1.39163
1.38963
1.38764
1.38566
1.38368
1.38171
1.37975
1.37779
1.37585
1.37391
1.37197
1.37005
1.36813
1.36622
1.36431
1.36242
1.36053
1.35864
1.35677
1.3549
1.35303
1.35118
1.34933
1.34749
1.34566
1.34383
1.34201
1.34019
1.33839
1.33659
1.33479
1.33301
1.33123
1.32946
1.32769
1.32593
1.32418
1.32243
1.32069
1.31896
1.31724
1.31552
1.31381
1.3121
1.3104
1.30871
1.30702
1.30534
1.30367
1.302
1.30034
1.29869
1.29704
1.2954
1.29377
1.29214
1.29052
1.28891
1.2873
1.2857
1.2841
1.28251
1.28093
1.27935
1.27778
1.27622
1.27466
1.2731
1.27156
1.27002
1.26849
1.26696
1.26544
1.26392
1.26241
1.26091
1.25941
1.25792
1.25644
1.25496
1.25348
1.25202
1.25055
1.2491
1.24765
1.24621
1.24477
1.24334
1.24191
1.24049
1.23908
1.23767
1.23626
1.23487
1.23347
1.23209
1.23071
1.22933
1.22797
1.2266
1.22524
1.22389
1.22255
1.2212
1.21987
1.21854
1.21721
1.2159
1.21458
1.21327
1.21197
1.21067
1.20938
1.2081
1.20681
1.20554
1.20427
1.203
1.20174
1.20049
1.19924
1.198
1.19676
1.19552
1.19429
1.19307
1.19185
1.19064
1.18943
1.18823
1.18703
1.18584
1.18465
1.18347
1.18229
1.18112
1.17995
1.17879
1.17763
1.17648
1.17533
1.17419
1.17305
1.17192
1.17079
1.16967
1.16855
1.16743
1.16633
1.16522
1.16412
1.16303
1.16194
1.16085
1.15977
1.1587
1.15762
1.15656
1.1555
1.15444
1.15339
1.15234
1.1513
1.15026
1.14922
1.14819
1.14717
1.14615
1.14513
1.14412
1.14311
1.14211
1.14111
1.14011
1.13912
1.13814
1.13716
1.13618
1.13521
1.13424
1.13328
1.13232
1.13136
1.13041
1.12947
1.12852
1.12758
1.12665
1.12572
1.1248
1.12387
1.12296
1.12204
1.12113
1.12023
1.11933
1.11843
1.11754
1.11665
1.11577
1.11488
1.11401
1.11314
1.11227
1.1114
1.11054
1.10968
1.10883
1.10798
1.10714
1.1063
1.10546
1.10463
1.1038
1.10297
1.10215
1.10133
1.10052
1.09971
1.0989
1.0981
1.0973
1.0965
1.09571
1.09492
1.09414
1.09336
1.09258
1.09181
1.09104
1.09027
1.08951
1.08875
1.08799
1.08724
1.08649
1.08575
1.08501
1.08427
1.08354
1.08281
1.08208
1.08136
1.08064
1.07992
1.07921
1.0785
1.07779
1.07709
1.07639
1.07569
1.075
1.07431
1.07363
1.07294
1.07227
1.07159
1.07092
1.07025
1.06958
1.06892
1.06826
1.06761
1.06695
1.0663
1.06566
1.06501
1.06437
1.06374
1.06311
1.06248
1.06185
1.06122
1.0606
1.05999
1.05937
1.05876
1.05815
1.05755
1.05695
1.05635
1.05575
1.05516
1.05457
1.05398
1.0534
1.05282
1.05224
1.05167
1.0511
1.05053
1.04996
1.0494
1.04884
1.04828
1.04773
1.04718
1.04663
1.04609
1.04554
1.045
1.04447
1.04393
1.0434
1.04288
1.04235
1.04183
1.04131
1.04079
1.04028
1.03977
1.03926
1.03876
1.03826
1.03776
1.03726
1.03676
1.03627
1.03579
1.0353
1.03482
1.03434
1.03386
1.03338
1.03291
1.03244
1.03197
1.03151
1.03105
1.03059
1.03013
1.02968
1.02923
1.02878
1.02833
1.02789
1.02745
1.02701
1.02658
1.02614
1.02571
1.02528
1.02486
1.02444
1.02402
1.0236
1.02318
1.02277
1.02236
1.02195
1.02155
1.02114
1.02074
1.02035
1.01995
1.01956
1.01917
1.01878
1.01839
1.01801
1.01763
1.01725
1.01687
1.0165
1.01613
1.01576
1.01539
1.01503
1.01467
1.01431
1.01395
1.01359
1.01324
1.01289
1.01254
1.0122
1.01186
1.01151
1.01118
1.01084
1.0105
1.01017
1.00984
1.00952
1.00919
1.00887
1.00855
1.00823
1.00791
1.0076
1.00729
1.00698
1.00667
1.00636
1.00606
1.00576
1.00546
1.00516
1.00487
1.00458
1.00429
1.004
1.00371
1.00343
1.00315
1.00287
1.00259
1.00232
1.00204
1.00177
1.0015
1.00124
1.00097
1.00071
1.00045
1.00019
0.999932
0.999677
0.999425
0.999174
0.998926
0.998679
0.998435
0.998192
0.997952
0.997713
0.997477
0.997243
0.99701
0.99678
0.996551
0.996325
0.9961
0.995877
0.995657
0.995438
0.995221
0.995006
0.994794
0.994583
0.994373
0.994166
0.993961
0.993758
0.993556
0.993357
0.993159
0.992963
0.99277
0.992578
0.992387
0.992199
0.992013
0.991828
0.991646
0.991465
0.991286
0.991109
0.990933
0.99076
0.990588
0.990418
0.99025
0.990084
0.989919
0.989757
0.989596
0.989437
0.98928
0.989124
0.98897
0.988818
0.988668
0.98852
0.988373
0.988228
0.988085
0.987944
0.987804
0.987666
0.98753
0.987395
0.987263
0.987131
0.987002
0.986874
0.986749
0.986624
0.986502
0.986381
0.986262
0.986144
0.986029
0.985914
0.985802
0.985691
0.985582
0.985475
0.985369
0.985265
0.985162
0.985061
0.984962
0.984864
0.984768
0.984674
0.984581
0.98449
0.984401
0.984313
0.984227
0.984142
0.984059
0.983977
0.983897
0.983819
0.983742
0.983667
0.983594
0.983522
0.983451
0.983382
0.983315
0.983249
0.983185
0.983122
0.983061
0.983002
0.982944
0.982887
0.982832
0.982779
0.982727
0.982676
0.982627
0.98258
0.982534
0.98249
0.982447
0.982405
0.982366
0.982327
0.98229
0.982255
0.982221
0.982188
0.982157
0.982128
0.9821
0.982073
0.982048
0.982024
0.982002
0.981981
0.981962
0.981944
0.981928
0.981913
0.981899
0.981887
0.981876
0.981867
0.981859
0.981853
0.981848
0.981844
0.981842
0.981841
0.981841
0.981843
0.981847
0.981852
0.981858
0.981865
0.981874
0.981884
0.981896
0.981909
0.981923
0.981939
0.981956
0.981975
0.981995
0.982016
0.982039
0.982062
0.982088
0.982114
0.982142
0.982172
0.982202
0.982234
0.982267
0.982302
0.982338
0.982375
0.982414
0.982454
0.982495
0.982537
0.982581
0.982626
0.982672
0.98272
0.982769
0.982819
0.982871
0.982924
0.982978
0.983033
0.98309
0.983148
0.983207
0.983268
0.98333
0.983393
0.983457
0.983523
0.983589
0.983658
0.983727
0.983798
0.983869
0.983942
0.984017
0.984092
0.984169
0.984247
0.984326
0.984407
0.984489
0.984572
0.984656
0.984741
0.984828
0.984916
0.985005
0.985095
0.985186
0.985279
0.985373
0.985468
0.985564
0.985662
0.98576
0.98586
0.985961
0.986063
0.986167
0.986271
0.986377
0.986484
0.986592
0.986701
0.986812
0.986924
0.987036
0.98715
0.987265
0.987382
0.987499
0.987618
0.987737
0.987858
0.98798
0.988104
0.988228
0.988353
0.98848
0.988608
0.988737
0.988867
0.988998
0.98913
0.989264
0.989398
0.989534
0.989671
0.989808
0.989947
0.990088
0.990229
0.990371
0.990515
0.990659
0.990805
0.990952
0.9911
0.991249
0.991399
0.99155
0.991702
0.991856
0.99201
0.992166
0.992322
0.99248
0.992639
0.992799
0.99296
0.993122
0.993285
0.993449
0.993614
0.993781
0.993948
0.994117
0.994286
0.994457
0.994628
0.994801
0.994975
0.99515
0.995326
0.995503
0.995681
0.99586
0.99604
0.996221
0.996403
0.996586
0.996771
0.996956
0.997142
0.99733
0.997518
0.997708
0.997898
0.99809
0.998282
0.998476
0.99867
0.998866
0.999063
0.99926
0.999459
0.999659
0.99986
1.00006
1.00026
1.00047
1.00067
1.00088
1.00109
1.00129
1.0015
1.00171
1.00192
1.00213
1.00235
1.00256
1.00278
1.00299
1.00321
1.00343
1.00365
1.00386
1.00409
1.00431
1.00453
1.00475
1.00498
1.0052
1.00543
1.00566
1.00589
1.00612
1.00635
1.00658
1.00681
1.00705
1.00728
1.00752
1.00775
1.00799
1.00823
1.00847
1.00871
1.00895
1.00919
1.00943
1.00968
1.00992
1.01017
1.01042
1.01066
1.01091
1.01116
1.01141
1.01167
1.01192
1.01217
1.01243
1.01268
1.01294
1.0132
1.01345
1.01371
1.01397
1.01423
1.0145
1.01476
1.01502
1.01529
1.01555
1.01582
1.01609
1.01636
1.01663
1.0169
1.01717
1.01744
1.01772
1.01799
1.01827
1.01854
1.01882
1.0191
1.01938
1.01966
1.01994
1.02022
1.0205
1.02078
1.02107
1.02135
1.02164
1.02193
1.02221
1.0225
1.02279
1.02308
1.02338
1.02367
1.02396
1.02426
1.02455
1.02485
1.02515
1.02544
1.02574
1.02604
1.02634
1.02665
1.02695
1.02725
1.02756
1.02786
1.02817
1.02847
1.02878
1.02909
1.0294
1.02971
1.03002
1.03034
1.03065
1.03096
1.03128
1.03159
1.03191
1.03223
1.03255
1.03287
1.03319
1.03351
1.03383
1.03416
1.03448
1.0348
1.03513
1.03546
1.03578
1.03611
1.03644
1.03677
1.0371
1.03744
1.03777
1.0381
1.03844
1.03877
1.03911
1.03945
1.03979
1.04012
1.04046
1.04081
1.04115
1.04149
1.04183
1.04218
1.04252
1.04287
1.04322
1.04356
1.04391
1.04426
1.04461
1.04496
1.04532
1.04567
1.04602
1.04638
1.04673
1.04709
1.04745
1.04781
1.04817
1.04853
1.04889
1.04925
1.04961
1.04997
1.05034
1.0507
1.05107
1.05144
1.05181
1.05217
1.05254
1.05291
1.05329
1.05366
1.05403
1.05441
1.05478
1.05516
1.05553
1.05591
1.05629
1.05667
1.05705
1.05743
1.05781
1.05819
1.05858
1.05896
1.05935
1.05973
1.06012
1.06051
1.0609
1.06128
1.06168
1.06207
1.06246
1.06285
1.06325
1.06364
1.06404
1.06443
1.06483
1.06523
1.06563
1.06603
1.06643
1.06683
1.06723
1.06763
1.06804
1.06844
1.06885
1.06926
1.06966
1.07007
1.07048
1.07089
1.0713
1.07171
1.07213
1.07254
1.07295
1.07337
1.07378
1.0742
1.07462
1.07504
1.07546
1.07588
1.0763
1.07672
1.07714
1.07757
1.07799
1.07842
1.07884
1.07927
1.0797
1.08013
1.08056
1.08099
1.08142
1.08185
1.08229
1.08272
1.08315
1.08359
1.08403
1.08446
1.0849
1.08534
1.08578
1.08622
1.08666
1.0871
1.08755
1.08799
1.08844
1.08888
1.08933
1.08978
1.09023
1.09067
1.09112
1.09158
1.09203
1.09248
1.09293
1.09339
1.09384
1.0943
1.09476
1.09521
1.09567
1.09613
1.09659
1.09705
1.09751
1.09798
1.09844
1.0989
1.09937
1.09984
1.1003
1.10077
1.10124
1.10171
1.10218
1.10265
1.10312
1.10359
1.10407
1.10454
1.10502
1.10549
1.10597
1.10645
1.10693
1.10741
1.10789
1.10837
1.10885
1.10933
1.10981
1.1103
1.11078
1.11127
1.11176
1.11224
1.11273
1.11322
1.11371
1.1142
1.1147
1.11519
1.11568
1.11618
1.11667
1.11717
1.11766
1.11816
1.11866
1.11916
1.11966
1.12016
1.12066
1.12116
1.12167
1.12217
1.12268
1.12318
1.12369
1.1242
1.12471
1.12521
1.12572
1.12623
1.12675
1.12726
1.12777
1.12829
1.1288
1.12932
1.12983
1.13035
1.13087
1.13139
1.13191
1.13243
1.13295
1.13347
1.13399
1.13452
1.13504
1.13557
1.13609
1.13662
1.13715
1.13768
1.1382
1.13873
1.13927
1.1398
1.14033
1.14086
1.1414
1.14193
1.14247
1.143
1.14354
1.14408
1.14462
1.14516
1.1457
1.14624
1.14678
1.14732
1.14787
1.14841
1.14896
1.1495
1.15005
1.1506
1.15114
1.15169
1.15224
1.15279
1.15334
1.1539
1.15445
1.155
1.15556
1.15611
1.15667
1.15722
1.15778
1.15834
1.1589
1.15946
1.16002
1.16058
1.16114
1.16171
1.16227
1.16283
1.1634
1.16396
1.16453
1.1651
1.16567
1.16623
1.1668
1.16737
1.16794
1.16852
1.16909
1.16966
1.17024
1.17081
1.17139
1.17196
1.17254
1.17312
1.17369
1.17427
1.17485
1.17543
1.17602
1.1766
1.17718
1.17776
1.17835
1.17893
1.17952
1.1801
1.18069
1.18128
1.18187
1.18246
1.18305
1.18364
1.18423
1.18482
1.18541
1.18601
1.1866
1.18719
1.18779
1.18839
1.18898
1.18958
1.19018
1.19078
1.19138
1.19198
1.19258
1.19318
1.19378
1.19438
1.19499
1.19559
1.1962
1.1968
1.19741
1.19802
1.19862
1.19923
1.19984
1.20045
1.20106
1.20167
1.20228
1.20289
1.20351
1.20412
1.20473
1.20535
1.20596
1.20658
1.2072
1.20782
1.20843
1.20905
1.20967
1.21029
1.21091
1.21153
1.21215
1.21278
1.2134
1.21402
1.21465
1.21527
1.2159
1.21652
1.21715
1.21778
1.2184
1.21903
1.21966
1.22029
1.22092
1.22155
1.22218
1.22282
1.22345
1.22408
1.22472
1.22535
1.22598
1.22662
1.22726
1.22789
1.22853
1.22917
1.22981
1.23044
1.23108
1.23172
1.23236
1.23301
1.23365
1.23429
1.23493
1.23558
1.23622
1.23686
1.23751
1.23815
1.2388
1.23945
1.24009
1.24074
1.24139
1.24204
1.24269
1.24334
1.24399
1.24464
1.24529
1.24594
1.24659
1.24724
1.2479
1.24855
1.24921
1.24986
1.25052
1.25117
1.25183
1.25248
1.25314
1.2538
1.25446
1.25511
1.25577
1.25643
1.25709
1.25775
1.25841
1.25908
1.25974
1.2604
1.26106
1.26172
1.26239
1.26305
1.26372
1.26438
1.26505
1.26571
1.26638
1.26705
1.26771
1.26838
1.26905
1.26972
1.27038
1.27105
1.27172
1.27239
1.27306
1.27373
1.2744
1.27508
1.27575
1.27642
1.27709
1.27777
1.27844
1.27911
1.27979
1.28046
1.28114
1.28181
1.28249
1.28316
1.28384
1.28452
1.28519
1.28587
1.28655
1.28723
1.28791
1.28859
1.28926
1.28994
1.29062
1.2913
1.29199
1.29267
1.29335
1.29403
1.29471
1.29539
1.29608
1.29676
1.29744
1.29812
1.29881
1.29949
1.30018
1.30086
1.30155
1.30223
1.30292
1.3036
1.30429
1.30498
1.30566
1.30635
1.30704
1.30772
1.30841
1.3091
1.30979
1.31048
1.31117
1.31185
1.31254
1.31323
1.31392
1.31461
1.3153
1.31599
1.31669
1.31738
1.31807
1.31876
1.31945
1.32014
1.32084
1.32153
1.32222
1.32291
1.32361
1.3243
1.32499
1.32569
1.32638
1.32707
1.32777
1.32846
1.32916
1.32985
1.33055
1.33124
1.33194
1.33263
1.33333
1.33403
1.33472
1.33542
1.33611
1.33681
1.33751
1.33821
1.3389
1.3396
1.3403
1.34099
1.34169
1.34239
1.34309
1.34379
1.34448
1.34518
1.34588
1.34658
1.34728
1.34798
1.34868
1.34938
1.35008
1.35077
1.35147
1.35217
1.35287
1.35357
1.35427
1.35497
1.35567
1.35637
1.35707
1.35777
1.35847
1.35918
1.35988
1.36058
1.36128
1.36198
1.36268
1.36338
1.36408
1.36478
1.36548
1.36619
1.36689
1.36759
1.36829
1.36899
1.36969
1.3704
1.3711
1.3718
1.3725
1.3732
1.3739
1.37461
1.37531
1.37601
1.37671
1.37741
1.37812
1.37882
1.37952
1.38022
1.38093
1.38163
1.38233
1.38303
1.38373
1.38444
1.38514
1.38584
1.38654
1.38725
1.38795
1.38865
1.38935
1.39005
1.39076
1.39146
1.39216
1.39286
1.39356
1.39427
1.39497
1.39567
1.39637
1.39708
1.39778
1.39848
1.39918
1.39988
1.40058
1.40129
1.40199
1.40269
1.40339
1.40409
1.4048
1.4055
1.4062
1.4069
1.4076
1.4083
1.409
1.4097
1.41041
1.41111
1.41181
1.41251
1.41321
1.41391
1.41461
1.41531
1.41601
1.41671
1.41741
1.41811
1.41881
1.41951
1.42021
1.42091
1.42161
1.42231
1.42301
1.42371
1.42441
1.42511
1.42581
1.42651
1.42721
1.42791
1.42861
1.4293
1.43
1.4307
1.4314
1.4321
1.4328
1.43349
1.43419
1.43489
1.43559
1.43629
1.43698
1.43768
1.43838
1.43907
1.43977
1.44047
1.44117
1.44186
1.44256
1.44325
1.44395
1.44465
1.44534
1.44604
1.44673
1.44743
1.44812
1.44882
1.44951
1.45021
1.4509
1.4516
1.45229
1.45299
1.45368
1.45437
1.45507
1.45576
1.45645
1.45715
1.45784
1.45853
1.45923
1.45992
1.46061
1.4613
1.462
1.46269
1.46338
1.46407
1.46476
1.46545
1.46614
1.46683
1.46753
1.46822
1.46891
1.4696
1.47029
1.47098
1.47166
1.47235
1.47304
1.47373
1.47442
1.47511
1.4758
1.47649
1.47717
1.47786
1.47855
1.47924
1.47992
1.48061
1.4813
1.48198
1.48267
1.48336
1.48404
1.48473
1.48541
1.4861
1.48679
1.48747
1.48815
1.48884
1.48952
1.49021
1.49089
1.49158
1.49226
1.49294
1.49363
1.49431
1.49499
1.49567
1.49636
1.49704
1.49772
1.4984
1.49908
1.49976
1.50044
1.50113
1.50181
1.50249
1.50317
1.50385
1.50453
1.5052
1.50588
1.50656
1.50724
1.50792
1.5086
1.50928
1.50995
1.51063
1.51131
1.51199
1.51266
1.51334
1.51402
1.51469
1.51537
1.51604
1.51672
1.51739
1.51807
1.51874
1.51942
1.52009
1.52077
1.52144
1.52212
1.52279
1.52346
1.52413
1.52481
1.52548
1.52615
1.52682
1.5275
1.52817
1.52884
1.52951
1.53018
1.53085
1.53152
1.53219
1.53286
1.53353
1.5342
1.53487
1.53554
1.53621
1.53687
1.53754
1.53821
1.53888
1.53955
1.54021
1.54088
1.54155
1.54221
1.54288
1.54355
1.54421
1.54488
1.54554
1.54621
1.54687
1.54754
1.5482
1.54886
1.54953
1.55019
1.55085
1.55152
1.55218
1.55284
1.55351
1.55417
1.55483
1.55549
1.55615
1.55681
1.55747
1.55813
1.55879
1.55945
1.56011
1.56077
1.56143
1.56209
1.56275
1.56341
1.56407
1.56473
1.56538
1.56604
1.5667
1.56736
1.56801
1.56867
1.56933
1.56998
1.57064
1.57129
1.57195
1.57261
1.57326
1.57391
1.57457
1.57522
1.57588
1.57653
1.57718
1.57784
1.57849
1.57914
1.5798
1.58045
1.5811
1.58175
1.5824
1.58305
1.58371
1.58436
1.58501
1.58566
1.58631
1.58696
1.58761
1.58826
1.58891
1.58955
1.5902
1.59085
1.5915
1.59215
1.59279
1.59344
1.59409
1.59474
1.59538
1.59603
1.59668
1.59732
1.59797
1.59861
1.59926
1.5999
1.60055
1.60119
1.60184
1.60248
1.60312
1.60377
1.60441
1.60506
1.6057
1.60634
1.60698
1.60763
1.60827
1.60891
1.60955
1.61019
1.61083
1.61147
1.61211
1.61275
1.61339
1.61403
1.61467
1.61531
1.61595
1.61659
1.61723
1.61787
1.61851
1.61914
1.61978
1.62042
1.62106
1.62169
1.62233
1.62297
1.6236
1.62424
1.62488
1.62551
1.62615
1.62678
1.62742
1.62805
1.62869
1.62932
1.62996
1.63059
1.63122
1.63186
1.63249
1.63312
1.63376
1.63439
1.63502
1.63565
1.63629
1.63692
1.63755
1.63818
1.63881
1.63944
1.64007
1.6407
1.64133
1.64196
1.64259
1.64322
1.64385
1.64448
1.64511
1.64574
1.64637
1.647
1.64762
1.64825
1.64888
1.64951
1.65013
1.65076
1.65139
1.65201
1.65264
1.65327
1.65389
1.65452
1.65514
1.65577
1.65639
1.65702
1.65764
1.65827
1.65889
1.65952
1.66014
1.66076
1.66139
1.66201
1.66263
1.66326
1.66388
1.6645
1.66512
1.66575
1.66637
1.66699
1.66761
1.66823
1.66885
1.66948
1.6701
1.67072
1.67134
1.67196
1.67258
1.6732
1.67382
1.67443
1.67505
1.67567
1.67629
1.67691
1.67753
1.67815
1.67876
1.67938
1.68
1.68062
1.68123
1.68185
1.68247
1.68308
1.6837
1.68432
1.68493
1.68555
1.68616
1.68678
1.6874
1.68801
1.68863
1.68924
1.68985
1.69047
1.69108
1.6917
1.69231
1.69292
1.69354
1.69415
1.69476
1.69538
1.69599
1.6966
1.69721
1.69783
1.69844
1.69905
1.69966
1.70027
1.70089
1.7015
1.70211
1.70272
1.70333
1.70394
1.70455
1.70516
1.70577
1.70638
1.70699
1.7076
1.70821
1.70882
1.70942
1.71003
1.71064
1.71125
1.71186
1.71247
1.71307
1.71368
1.71429
1.7149
1.7155
1.71611
1.71672
1.71732
1.71793
1.71854
1.71914
1.71975
1.72035
1.72096
1.72156
1.72217
1.72278
1.72338
1.72398
1.72459
1.72519
1.7258
1.7264
1.72701
1.72761
1.72821
1.72882
1.72942
1.73002
1.73063
1.73123
1.73183
1.73243
1.73304
1.73364
1.73424
1.73484
1.73544
1.73605
1.73665
1.73725
1.73785
1.73845
1.73905
1.73965
1.74025
1.74085
1.74145
1.74205
1.74265
1.74325
1.74385
1.74445
1.74505
1.74565
1.74625
1.74685
1.74744
1.74804
1.74864
1.74924
1.74984
1.75044
1.75103
1.75163
1.75223
1.75282
1.75342
1.75402
1.75462
1.75521
1.75581
1.7564
1.757
1.7576
1.75819
1.75879
1.75938
1.75998
1.76057
1.76117
1.76176
1.76236
1.76295
1.76355
1.76414
1.76474
1.76533
1.76592
1.76652
1.76711
1.7677
1.7683
1.76889
1.76948
1.77008
1.77067
1.77126
1.77185
1.77245
1.77304
1.77363
1.77422
1.77481
1.7754
1.776
1.77659
1.77718
1.77777
1.77836
1.77895
1.77954
1.78013
1.78072
1.78131
1.7819
1.78249
1.78308
1.78367
1.78426
1.78485
1.78544
1.78602
1.78661
1.7872
1.78779
1.78838
1.78897
1.78955
1.79014
1.79073
1.79132
1.7919
1.79249
1.79308
1.79366
1.79425
1.79484
1.79542
1.79601
1.79659
1.79718
1.79777
1.79835
1.79894
1.79952
1.80011
1.80069
1.80128
1.80186
1.80244
1.80303
1.80361
1.8042
1.80478
1.80536
1.80595
1.80653
1.80711
1.8077
1.80828
1.80886
1.80944
1.81003
1.81061
1.81119
1.81177
1.81235
1.81294
1.81352
1.8141
1.81468
1.81526
1.81584
1.81642
1.817
1.81758
1.81816
1.81874
1.81932
1.8199
1.82048
1.82106
1.82164
1.82222
1.82279
1.82337
1.82395
1.82453
1.82511
1.82568
1.82626
1.82684
1.82742
1.82799
1.82857
1.82915
1.82972
1.8303
1.83087
1.83145
1.83203
1.8326
1.83318
1.83375
1.83433
1.8349
1.83548
1.83605
1.83662
1.8372
1.83777
1.83834
1.83892
1.83949
1.84006
1.84064
1.84121
1.84178
1.84235
1.84292
1.8435
1.84407
1.84464
1.84521
1.84578
1.84635
1.84692
1.84749
1.84806
1.84863
1.8492
1.84977
1.85034
1.85091
1.85147
1.85204
1.85261
1.85318
1.85375
1.85431
1.85488
1.85545
1.85601
1.85658
1.85715
1.85771
1.85828
1.85884
1.85941
1.85997
1.86054
1.8611
1.86167
1.86223
1.86279
1.86336
1.86392
1.86448
1.86505
1.86561
1.86617
1.86673
1.86729
1.86785
1.86842
1.86898
1.86954
1.8701
1.87066
1.87122
1.87178
1.87233
1.87289
1.87345
1.87401
1.87457
1.87512
1.87568
1.87624
1.87679
1.87735
1.87791
1.87846
1.87902
1.87957
1.88013
1.88068
1.88123
1.88179
1.88234
1.88289
1.88345
1.884
1.88455
1.8851
1.88565
1.8862
1.88676
1.88731
1.88786
1.8884
1.88895
1.8895
1.89005
1.8906
1.89115
1.89169
1.89224
1.89279
1.89333
1.89388
1.89442
1.89497
1.89551
1.89606
1.8966
1.89714
1.89769
1.89823
1.89877
1.89931
1.89985
1.90039
1.90093
1.90147
1.90201
1.90255
1.90309
1.90363
1.90417
1.9047
1.90524
1.90578
1.90631
1.90685
1.90738
1.90792
1.90845
1.90898
1.90952
1.91005
1.91058
1.91111
1.91164
1.91217
1.9127
1.91323
1.91376
1.91429
1.91482
1.91535
1.91587
1.9164
1.91692
1.91745
1.91797
1.9185
1.91902
1.91955
1.92007
1.92059
1.92111
1.92163
1.92215
1.92267
1.92319
1.92371
1.92423
1.92474
1.92526
1.92577
1.92629
1.9268
1.92732
1.92783
1.92834
1.92886
1.92937
1.92988
1.93039
1.9309
1.93141
1.93191
1.93242
1.93293
1.93343
1.93394
1.93444
1.93495
1.93545
1.93595
1.93646
1.93696
1.93746
1.93796
1.93846
1.93895
1.93945
1.93995
1.94044
1.94094
1.94143
1.94193
1.94242
1.94291
1.9434
1.94389
1.94438
1.94487
1.94536
1.94585
1.94633
1.94682
1.9473
1.94779
1.94827
1.94875
1.94923
1.94971
1.95019
1.95067
1.95115
1.95162
1.9521
1.95257
1.95305
1.95352
1.95399
1.95446
1.95494
1.9554
1.95587
1.95634
1.95681
1.95727
1.95774
1.9582
1.95866
1.95912
1.95958
1.96004
1.9605
1.96096
1.96142
1.96187
1.96233
1.96278
1.96323
1.96368
1.96413
1.96458
1.96503
1.96548
1.96592
1.96637
1.96681
1.96725
1.96769
1.96813
1.96857
1.96901
1.96945
1.96988
1.97032
1.97075
1.97118
1.97161
1.97204
1.97247
1.9729
1.97332
1.97375
1.97417
1.97459
1.97501
1.97543
1.97585
1.97627
1.97668
1.9771
1.97751
1.97792
1.97833
1.97874
1.97915
1.97956
1.97996
1.98036
1.98077
1.98117
1.98157
1.98197
1.98236
1.98276
1.98315
1.98354
1.98394
1.98433
1.98471
1.9851
1.98549
1.98587
1.98625
1.98663
1.98701
1.98739
1.98777
1.98814
1.98851
1.98889
1.98926
1.98962
1.98999
1.99036
1.99072
1.99108
1.99144
1.9918
1.99216
1.99251
1.99287
1.99322
1.99357
1.99392
1.99427
1.99461
1.99496
1.9953
1.99564
1.99598
1.99632
1.99665
1.99699
1.99732
1.99765
1.99798
1.9983
1.99863
1.99895
1.99927
1.99959
1.99991
2.00022
2.00054
2.00085
2.00116
2.00147
2.00178
2.00208
2.00238
2.00268
2.00298
2.00328
2.00357
2.00387
2.00416
2.00445
2.00473
2.00502
2.0053
2.00558
2.00586
2.00614
2.00641
2.00669
2.00696
2.00723
2.00749
2.00776
2.00802
2.00828
2.00854
2.0088
2.00905
2.0093
2.00955
2.0098
2.01005
2.01029
2.01053
2.01077
2.01101
2.01124
2.01147
2.0117
2.01193
2.01216
2.01238
2.0126
2.01282
2.01304
2.01325
2.01346
2.01367
2.01388
2.01408
2.01429
2.01449
2.01469
2.01488
2.01507
2.01527
2.01545
2.01564
2.01582
2.016
2.01618
2.01636
2.01653
2.0167
2.01687
2.01704
2.0172
2.01737
2.01752
2.01768
2.01783
2.01799
2.01814
2.01828
2.01843
2.01857
2.0187
2.01884
2.01897
2.01911
2.01923
2.01936
2.01948
2.0196
2.01972
2.01983
2.01995
2.02006
2.02016
2.02027
2.02037
2.02047
2.02056
2.02066
2.02075
2.02084
2.02092
2.021
2.02108
2.02116
2.02123
2.02131
2.02137
2.02144
2.0215
2.02156
2.02162
2.02167
2.02173
2.02177
2.02182
2.02186
2.0219
2.02194
2.02197
2.022
2.02203
2.02206
2.02208
2.0221
2.02212
2.02213
2.02214
2.02215
2.02215
2.02215
2.02215
2.02215
2.02214
2.02213
2.02212
2.0221
2.02208
2.02206
2.02203
2.022
2.02197
2.02194
2.0219
2.02186
2.02181
2.02177
2.02172
2.02166
2.02161
2.02155
2.02148
2.02142
2.02135
2.02128
2.0212
2.02112
2.02104
2.02096
2.02087
2.02078
2.02068
2.02058
2.02048
2.02038
2.02027
2.02016
2.02005
2.01993
2.01981
2.01968
2.01956
2.01943
2.01929
2.01915
2.01901
2.01887
2.01872
2.01857
2.01842
2.01826
2.0181
2.01794
2.01777
2.0176
2.01743
2.01725
2.01707
2.01689
2.0167
2.01651
2.01632
2.01612
2.01592
2.01572
2.01551
2.0153
2.01508
2.01487
2.01465
2.01442
2.01419
2.01396
2.01373
2.01349
2.01325
2.013
2.01276
2.0125
2.01225
2.01199
2.01173
2.01146
2.01119
2.01092
2.01064
2.01036
2.01008
2.0098
2.00951
2.00921
2.00892
2.00861
2.00831
2.008
2.00769
2.00738
2.00706
2.00674
2.00641
2.00609
2.00575
2.00542
2.00508
2.00474
2.00439
2.00404
2.00369
2.00333
2.00297
2.00261
2.00224
2.00187
2.0015
2.00112
2.00074
2.00035
1.99996
1.99957
1.99918
1.99878
1.99838
1.99797
1.99756
1.99715
1.99673
1.99631
1.99589
1.99546
1.99503
1.99459
1.99416
1.99371
1.99327
1.99282
1.99237
1.99191
1.99145
1.99099
1.99052
1.99005
1.98958
1.9891
1.98862
1.98814
1.98765
1.98716
1.98667
1.98617
1.98567
1.98516
1.98465
1.98414
1.98362
1.98311
1.98258
1.98206
1.98153
1.98099
1.98046
1.97992
1.97937
1.97883
1.97827
1.97772
1.97716
1.9766
1.97604
1.97547
1.9749
1.97432
1.97374
1.97316
1.97257
1.97198
1.97139
1.9708
1.9702
1.96959
1.96899
1.96838
1.96776
1.96715
1.96653
1.9659
1.96527
1.96464
1.96401
1.96337
1.96273
1.96209
1.96144
1.96079
1.96013
1.95948
1.95882
1.95815
1.95748
1.95681
1.95614
1.95546
1.95478
1.95409
1.9534
1.95271
1.95202
1.95132
1.95062
1.94991
1.9492
1.94849
1.94778
1.94706
1.94634
1.94561
1.94489
1.94416
1.94342
1.94268
1.94194
1.9412
1.94045
1.9397
1.93895
1.93819
1.93743
1.93667
1.9359
1.93513
1.93436
1.93358
1.9328
1.93202
1.93123
1.93044
1.92965
1.92886
1.92806
1.92726
1.92645
1.92564
1.92483
1.92402
1.9232
1.92238
1.92156
1.92073
1.91991
1.91907
1.91824
1.9174
1.91656
1.91571
1.91487
1.91402
1.91316
1.91231
1.91145
1.91059
1.90972
1.90885
1.90798
1.90711
1.90623
1.90535
1.90447
1.90359
1.9027
1.90181
1.90091
1.90002
1.89912
1.89821
1.89731
1.8964
1.89549
1.89458
1.89366
1.89274
1.89182
1.89089
1.88997
1.88904
1.8881
1.88717
1.88623
1.88529
1.88435
1.8834
1.88245
1.8815
1.88055
1.87959
1.87863
1.87767
1.8767
1.87574
1.87477
1.87379
1.87282
1.87184
1.87086
1.86988
1.86889
1.86791
1.86692
1.86593
1.86493
1.86393
1.86293
1.86193
1.86093
1.85992
1.85891
1.8579
1.85689
1.85587
1.85485
1.85383
1.85281
1.85178
1.85075
1.84972
1.84869
1.84765
1.84662
1.84558
1.84454
1.84349
1.84245
1.8414
1.84035
1.8393
1.83824
1.83718
1.83613
1.83506
1.834
1.83294
1.83187
1.8308
1.82973
1.82865
1.82758
1.8265
1.82542
1.82434
1.82326
1.82217
1.82108
1.81999
1.8189
1.81781
1.81671
1.81562
1.81452
1.81342
1.81231
1.81121
1.8101
1.809
1.80789
1.80677
1.80566
1.80454
1.80343
1.80231
1.80119
1.80006
1.79894
1.79781
1.79669
1.79556
1.79443
1.79329
1.79216
1.79102
1.78989
1.78875
1.78761
1.78647
1.78532
1.78418
1.78303
1.78188
1.78073
1.77958
1.77843
1.77727
1.77612
1.77496
1.7738
1.77264
1.77148
1.77032
1.76915
1.76799
1.76682
1.76565
1.76448
1.76331
1.76214
1.76096
1.75979
1.75861
1.75744
1.75626
1.75508
1.7539
1.75271
1.75153
1.75035
1.74916
1.74797
1.74679
1.7456
1.74441
1.74321
1.74202
1.74083
1.73963
1.73844
1.73724
1.73604
1.73484
1.73364
1.73244
1.73124
1.73004
1.72883
1.72763
1.72642
1.72522
1.72401
1.7228
1.72159
1.72038
1.71917
1.71796
1.71675
1.71553
1.71432
1.7131
1.71189
1.71067
1.70945
1.70824
1.70702
1.7058
1.70458
1.70336
1.70213
1.70091
1.69969
1.69847
1.69724
1.69602
1.69479
1.69356
1.69234
1.69111
1.68988
1.68865
1.68743
1.6862
1.68497
1.68374
1.6825
1.68127
1.68004
1.67881
1.67758
1.67634
1.67511
1.67388
1.67264
1.67141
1.67017
1.66894
1.6677
1.66646
1.66523
1.66399
1.66275
1.66151
1.66028
1.65904
1.6578
1.65656
1.65532
1.65408
1.65284
1.65161
1.65037
1.64913
1.64789
1.64665
1.64541
1.64416
1.64292
1.64168
1.64044
1.6392
1.63796
1.63672
1.63548
1.63424
1.633
1.63175
1.63051
1.62927
1.62803
1.62679
1.62555
1.62431
1.62307
1.62182
1.62058
1.61934
1.6181
1.61686
1.61562
1.61438
1.61314
1.6119
1.61066
1.60942
1.60818
1.60694
1.6057
1.60446
1.60322
1.60198
1.60074
1.5995
1.59827
1.59703
1.59579
1.59455
1.59332
1.59208
1.59084
1.58961
1.58837
1.58713
1.5859
1.58466
1.58343
1.58219
1.58096
1.57973
1.57849
1.57726
1.57603
1.5748
1.57357
1.57234
1.5711
1.56987
1.56864
1.56742
1.56619
1.56496
1.56373
1.5625
1.56128
1.56005
1.55883
1.5576
1.55638
1.55515
1.55393
1.55271
1.55148
1.55026
1.54904
1.54782
1.5466
1.54538
1.54416
1.54294
1.54173
1.54051
1.53929
1.53808
1.53686
1.53565
1.53444
1.53322
1.53201
1.5308
1.52959
1.52838
1.52717
1.52596
1.52476
1.52355
1.52234
1.52114
1.51993
1.51873
1.51753
1.51633
1.51513
1.51392
1.51273
1.51153
1.51033
1.50913
1.50794
1.50674
1.50555
1.50435
1.50316
1.50197
1.50078
1.49959
1.4984
1.49721
1.49602
1.49484
1.49365
1.49247
1.49128
1.4901
1.48892
1.48774
1.48656
1.48538
1.4842
1.48302
1.48185
1.48067
1.4795
1.47833
1.47715
1.47598
1.47481
1.47364
1.47248
1.47131
1.47014
1.46898
1.46782
1.46665
1.46549
1.46433
1.46317
1.46202
1.46086
1.4597
1.45855
1.45739
1.45624
1.45509
1.45394
1.45279
1.45164
1.45049
1.44935
1.4482
1.44706
1.44592
1.44478
1.44364
1.4425
1.44136
1.44022
1.43909
1.43795
1.43682
1.43569
1.43456
1.43343
1.4323
1.43117
1.43005
1.42892
1.4278
1.42668
1.42556
1.42444
1.42332
1.4222
1.42109
1.41997
1.41886
1.41775
1.41663
1.41552
1.41442
1.41331
1.4122
1.4111
1.41
1.40889
1.40779
1.40669
1.4056
1.4045
1.4034
1.40231
1.40122
1.40013
1.39904
1.39795
1.39686
1.39577
1.39469
1.3936
1.39252
1.39144
1.39036
1.38928
1.38821
1.38713
1.38606
1.38499
1.38391
1.38284
1.38178
1.38071
1.37964
1.37858
1.37751
1.37645
1.37539
1.37433
1.37328
1.37222
1.37117
1.37011
1.36906
1.36801
1.36696
1.36591
1.36487
1.36382
1.36278
1.36174
1.3607
1.35966
1.35862
1.35758
1.35655
1.35551
1.35448
1.35345
1.35242
1.35139
1.35037
1.34934
1.34832
1.3473
1.34628
1.34526
1.34424
1.34322
1.34221
1.3412
1.34018
1.33917
1.33816
1.33716
1.33615
1.33515
1.33414
1.33314
1.33214
1.33114
1.33015
1.32915
1.32816
1.32716
1.32617
1.32518
1.32419
1.32321
1.32222
1.32124
1.32026
1.31927
1.3183
1.31732
1.31634
1.31537
1.31439
1.31342
1.31245
1.31148
1.31051
1.30955
1.30858
1.30762
1.30666
1.3057
1.30474
1.30378
1.30283
1.30187
1.30092
1.29997
1.29902
1.29807
1.29713
1.29618
1.29524
1.2943
1.29336
1.29242
1.29148
1.29054
1.28961
1.28868
1.28775
1.28682
1.28589
1.28496
1.28404
1.28311
1.28219
1.28127
1.28035
1.27943
1.27852
1.2776
1.27669
1.27578
1.27487
1.27396
1.27305
1.27215
1.27124
1.27034
1.26944
1.26854
1.26764
1.26674
1.26585
1.26496
1.26406
1.26317
1.26229
1.2614
1.26051
1.25963
1.25875
1.25786
1.25698
1.25611
1.25523
1.25435
1.25348
1.25261
1.25174
1.25087
1.25
1.24914
1.24827
1.24741
1.24655
1.24569
1.24483
1.24397
1.24312
1.24226
1.24141
1.24056
1.23971
1.23886
1.23802
1.23717
1.23633
1.23549
1.23465
1.23381
1.23297
1.23213
1.2313
1.23047
1.22964
1.22881
1.22798
1.22715
1.22633
1.2255
1.22468
1.22386
1.22304
1.22222
1.22141
1.22059
1.21978
1.21897
1.21816
1.21735
1.21654
1.21573
1.21493
1.21413
1.21333
1.21253
1.21173
1.21093
1.21014
1.20934
1.20855
1.20776
1.20697
1.20618
1.2054
1.20461
1.20383
1.20305
1.20227
1.20149
1.20071
1.19994
1.19916
1.19839
1.19762
1.19685
1.19608
1.19531
1.19455
1.19378
1.19302
1.19226
1.1915
1.19074
1.18998
1.18923
1.18847
1.18772
1.18697
1.18622
1.18547
1.18473
1.18398
1.18324
1.1825
1.18176
1.18102
1.18028
1.17954
1.17881
1.17808
1.17734
1.17661
1.17588
1.17516
1.17443
1.17371
1.17298
1.17226
1.17154
1.17082
1.17011
1.16939
1.16867
1.16796
1.16725
1.16654
1.16583
1.16512
1.16442
1.16371
1.16301
1.16231
1.16161
1.16091
1.16021
1.15952
1.15882
1.15813
1.15744
1.15675
1.15606
1.15537
1.15468
1.154
1.15332
1.15264
1.15195
1.15128
1.1506
1.14992
1.14925
1.14857
1.1479
1.14723
1.14656
1.14589
1.14523
1.14456
1.1439
1.14324
1.14258
1.14192
1.14126
1.1406
1.13995
1.13929
1.13864
1.13799
1.13734
1.13669
1.13604
1.1354
1.13476
1.13411
1.13347
1.13283
1.13219
1.13155
1.13092
1.13028
1.12965
1.12902
1.12839
1.12776
1.12713
1.1265
1.12588
1.12526
1.12463
1.12401
1.12339
1.12277
1.12216
1.12154
1.12093
1.12031
1.1197
1.11909
1.11848
1.11788
1.11727
1.11666
1.11606
1.11546
1.11486
1.11426
1.11366
1.11306
1.11247
1.11187
1.11128
1.11069
1.1101
1.10951
1.10892
1.10833
1.10775
1.10716
1.10658
1.106
1.10542
1.10484
1.10427
1.10369
1.10311
1.10254
1.10197
1.1014
1.10083
1.10026
1.09969
1.09913
1.09856
1.098
1.09744
1.09688
1.09632
1.09576
1.0952
1.09465
1.09409
1.09354
1.09299
1.09244
1.09189
1.09134
1.0908
1.09025
1.08971
1.08916
1.08862
1.08808
1.08754
1.08701
1.08647
1.08593
1.0854
1.08487
1.08434
1.08381
1.08328
1.08275
1.08222
1.0817
1.08117
1.08065
1.08013
1.07961
1.07909
1.07857
1.07806
1.07754
1.07703
1.07651
1.076
1.07549
1.07498
1.07448
1.07397
1.07346
1.07296
1.07246
1.07195
1.07145
1.07095
1.07046
1.06996
1.06946
1.06897
1.06847
1.06798
1.06749
1.067
1.06651
1.06603
1.06554
1.06505
1.06457
1.06409
1.06361
1.06313
1.06265
1.06217
1.06169
1.06122
1.06074
1.06027
1.0598
1.05933
1.05886
1.05839
1.05792
1.05746
1.05699
1.05653
1.05607
1.0556
1.05514
1.05468
1.05423
1.05377
1.05331
1.05286
1.05241
1.05195
1.0515
1.05105
1.05061
1.05016
1.04971
1.04927
1.04882
1.04838
1.04794
1.0475
1.04706
1.04662
1.04618
1.04575
1.04531
1.04488
1.04444
1.04401
1.04358
1.04315
1.04273
1.0423
1.04187
1.04145
1.04102
1.0406
1.04018
1.03976
1.03934
1.03892
1.03851
1.03809
1.03768
1.03726
1.03685
1.03644
1.03603
1.03562
1.03521
1.0348
1.0344
1.03399
1.03359
1.03319
1.03278
1.03238
1.03198
1.03159
1.03119
1.03079
1.0304
1.03
1.02961
1.02922
1.02883
1.02844
1.02805
1.02766
1.02728
1.02689
1.02651
1.02613
1.02574
1.02536
1.02498
1.0246
1.02423
1.02385
1.02347
1.0231
1.02273
1.02235
1.02198
1.02161
1.02124
1.02087
1.02051
1.02014
1.01978
1.01941
1.01905
1.01869
1.01833
1.01797
1.01761
1.01725
1.01689
1.01654
1.01618
1.01583
1.01548
1.01513
1.01477
1.01443
1.01408
1.01373
1.01338
1.01304
1.01269
1.01235
1.01201
1.01167
1.01133
1.01099
1.01065
1.01031
1.00998
1.00964
1.00931
1.00897
1.00864
1.00831
1.00798
1.00765
1.00732
1.007
1.00667
1.00635
1.00602
1.0057
1.00538
1.00506
1.00474
1.00442
1.0041
1.00378
1.00347
1.00315
1.00284
1.00252
1.00221
1.0019
1.00159
1.00128
1.00097
1.00067
1.00036
1.00006
0.999752
0.999448
0.999146
0.998845
0.998545
0.998246
0.997947
0.99765
0.997354
0.997058
0.996764
0.996471
0.996178
0.995887
0.995596
0.995307
0.995018
0.99473
0.994444
0.994158
0.993873
0.993589
0.993307
0.993025
0.992744
0.992464
0.992185
0.991907
0.99163
0.991354
0.991078
0.990804
0.990531
0.990258
0.989987
0.989717
0.989447
0.989178
0.988911
0.988644
0.988378
0.988114
0.98785
0.987587
0.987325
0.987064
0.986803
0.986544
0.986286
0.986029
0.985772
0.985517
0.985262
0.985008
0.984756
0.984504
0.984253
0.984003
0.983754
0.983506
0.983259
0.983013
0.982767
0.982523
0.982279
0.982037
0.981795
0.981554
0.981314
0.981075
0.980837
0.9806
0.980364
0.980129
0.979894
0.979661
0.979428
0.979196
0.978966
0.978736
0.978507
0.978279
0.978052
0.977825
0.9776
0.977375
0.977152
0.976929
0.976707
0.976486
0.976266
0.976047
0.975829
0.975612
0.975395
0.975179
0.974965
0.974751
0.974538
0.974326
0.974115
0.973905
0.973695
0.973487
0.973279
0.973072
0.972866
0.972661
0.972457
0.972254
0.972052
0.97185
0.97165
0.97145
0.971251
0.971053
0.970856
0.970659
0.970464
0.97027
0.970076
0.969883
0.969691
0.9695
0.96931
0.96912
0.968932
0.968744
0.968558
0.968372
0.968187
0.968002
0.967819
0.967637
0.967455
0.967274
0.967094
0.966915
0.966737
0.96656
0.966383
0.966207
0.966033
0.965859
0.965685
0.965513
0.965342
0.965171
0.965001
0.964833
0.964664
0.964497
0.964331
0.964165
0.964001
0.963837
0.963674
0.963512
0.96335
0.96319
0.96303
0.962871
0.962713
0.962556
0.9624
0.962244
0.96209
0.961936
0.961783
0.96163
0.961479
0.961329
0.961179
0.96103
0.960882
0.960735
0.960588
0.960443
0.960298
0.960154
0.960011
0.959868
0.959727
0.959586
0.959446
0.959307
0.959169
0.959032
0.958895
0.958759
0.958624
0.95849
0.958357
0.958224
0.958093
0.957962
0.957832
0.957702
0.957574
0.957446
0.957319
0.957193
0.957068
0.956944
0.95682
0.956697
0.956575
0.956454
0.956333
0.956214
0.956095
0.955977
0.955859
0.955743
0.955627
0.955513
0.955398
0.955285
0.955173
0.955061
0.95495
0.95484
0.954731
0.954622
0.954514
0.954408
0.954301
0.954196
0.954091
0.953988
0.953885
0.953782
0.953681
0.95358
0.953481
0.953381
0.953283
0.953186
0.953089
0.952993
0.952898
0.952803
0.95271
0.952617
0.952525
0.952434
0.952343
0.952253
0.952164
0.952076
0.951989
0.951902
0.951816
0.951731
0.951647
0.951563
0.951481
0.951399
0.951317
0.951237
0.951157
0.951078
0.951
0.950923
0.950846
0.95077
0.950695
0.950621
0.950547
0.950474
0.950402
0.950331
0.950261
0.950191
0.950122
0.950054
0.949986
0.949919
0.949853
0.949788
0.949724
0.94966
0.949597
0.949535
0.949473
0.949413
0.949353
0.949293
0.949235
0.949177
0.94912
0.949064
0.949009
0.948954
0.9489
0.948847
0.948794
0.948742
0.948692
0.948641
0.948592
0.948543
0.948495
0.948448
0.948401
0.948355
0.94831
0.948266
0.948223
0.94818
0.948138
0.948096
0.948056
0.948016
0.947977
0.947938
0.947901
0.947864
0.947827
0.947792
0.947757
0.947723
0.94769
0.947657
0.947626
0.947594
0.947564
0.947534
0.947506
0.947477
0.94745
0.947423
0.947397
0.947372
0.947347
0.947323
0.9473
0.947278
0.947256
0.947235
0.947215
0.947196
0.947177
0.947159
0.947141
0.947125
0.947109
0.947094
0.947079
0.947065
0.947052
0.94704
0.947028
0.947017
0.947007
0.946998
0.946989
0.946981
0.946974
0.946967
0.946961
0.946956
0.946951
0.946947
0.946944
0.946942
0.94694
0.946939
0.946939
0.946939
0.94694
0.946942
0.946945
0.946948
0.946952
0.946956
0.946962
0.946968
0.946974
0.946982
0.94699
0.946999
0.947008
0.947018
0.947029
0.947041
0.947053
0.947066
0.94708
0.947094
0.947109
0.947125
0.947141
0.947158
0.947176
0.947195
0.947214
0.947234
0.947254
0.947276
0.947297
0.94732
0.947343
0.947367
0.947392
0.947417
0.947443
0.94747
0.947497
0.947525
0.947554
0.947584
0.947614
0.947644
0.947676
0.947708
0.947741
0.947774
0.947808
0.947843
0.947879
0.947915
0.947952
0.947989
0.948027
0.948066
0.948106
0.948146
0.948187
0.948228
0.948271
0.948313
0.948357
0.948401
0.948446
0.948491
0.948538
0.948584
0.948632
0.94868
0.948729
0.948778
0.948829
0.948879
0.948931
0.948983
0.949036
0.949089
0.949143
0.949198
0.949253
0.949309
0.949366
0.949423
0.949481
0.94954
0.949599
0.949659
0.94972
0.949781
0.949843
0.949906
0.949969
0.950033
0.950097
0.950162
0.950228
0.950294
0.950361
0.950429
0.950497
0.950566
0.950636
0.950706
0.950777
0.950849
0.950921
0.950994
0.951067
0.951141
0.951216
0.951291
0.951367
0.951444
0.951521
0.951599
0.951678
0.951757
0.951836
0.951917
0.951998
0.952079
0.952162
0.952245
0.952328
0.952412
0.952497
0.952582
0.952668
0.952755
0.952842
0.95293
0.953019
0.953108
0.953198
0.953288
0.953379
0.95347
0.953563
0.953655
0.953749
0.953843
0.953938
0.954033
0.954129
0.954225
0.954322
0.95442
0.954518
0.954617
0.954717
0.954817
0.954918
0.955019
0.955121
0.955223
0.955327
0.95543
0.955535
0.95564
0.955745
0.955851
0.955958
0.956065
0.956173
0.956282
0.956391
0.956501
0.956611
0.956722
0.956834
0.956946
0.957058
0.957172
0.957285
0.9574
0.957515
0.957631
0.957747
0.957864
0.957981
0.958099
0.958217
0.958337
0.958456
0.958577
0.958697
0.958819
0.958941
0.959064
0.959187
0.95931
0.959435
0.95956
0.959685
0.959811
0.959938
0.960065
0.960193
0.960321
0.96045
0.96058
0.96071
0.96084
0.960971
0.961103
0.961235
0.961368
0.961502
0.961636
0.96177
0.961905
0.962041
0.962177
0.962314
0.962451
0.962589
0.962728
0.962867
0.963006
0.963146
0.963287
0.963428
0.96357
0.963712
0.963855
0.963999
0.964143
0.964287
0.964432
0.964578
0.964724
0.964871
0.965018
0.965166
0.965314
0.965463
0.965612
0.965762
0.965913
0.966064
0.966215
0.966367
0.96652
0.966673
0.966827
0.966981
0.967136
0.967291
0.967447
0.967603
0.96776
0.967917
0.968075
0.968234
0.968393
0.968552
0.968712
0.968873
0.969034
0.969195
0.969357
0.96952
0.969683
0.969847
0.970011
0.970176
0.970341
0.970506
0.970673
0.970839
0.971007
0.971174
0.971343
0.971511
0.971681
0.97185
0.972021
0.972191
0.972363
0.972535
0.972707
0.97288
0.973053
0.973227
0.973401
0.973576
0.973751
0.973927
0.974103
0.97428
0.974457
0.974635
0.974813
0.974992
0.975171
0.975351
0.975531
0.975712
0.975893
0.976074
0.976256
0.976439
0.976622
0.976806
0.97699
0.977174
0.977359
0.977545
0.977731
0.977917
0.978104
0.978292
0.97848
0.978668
0.978857
0.979046
0.979236
0.979426
0.979617
0.979808
0.979999
0.980192
0.980384
0.980577
0.980771
0.980965
0.981159
0.981354
0.981549
0.981745
0.981941
0.982138
0.982335
0.982533
0.982731
0.982929
0.983128
0.983328
0.983527
0.983728
0.983928
0.98413
0.984331
0.984533
0.984736
0.984939
0.985142
0.985346
0.985551
0.985755
0.985961
0.986166
0.986372
0.986579
0.986786
0.986993
0.987201
0.987409
0.987618
0.987827
0.988036
0.988246
0.988457
0.988668
0.988879
0.989091
0.989303
0.989515
0.989728
0.989941
0.990155
0.990369
0.990584
0.990799
0.991015
0.99123
0.991447
0.991663
0.99188
0.992098
0.992316
0.992534
0.992753
0.992972
0.993192
0.993412
0.993632
0.993853
0.994074
0.994296
0.994518
0.99474
0.994963
0.995186
0.99541
0.995634
0.995858
0.996083
0.996308
0.996534
0.99676
0.996986
0.997213
0.99744
0.997668
0.997895
0.998124
0.998352
0.998582
0.998811
0.999041
0.999271
0.999502
0.999733
0.999964
1.0002
1.00043
1.00066
1.00089
1.00113
1.00136
1.00159
1.00183
1.00206
1.0023
1.00253
1.00277
1.00301
1.00324
1.00348
1.00372
1.00395
1.00419
1.00443
1.00467
1.00491
1.00515
1.00539
1.00563
1.00587
1.00611
1.00635
1.00659
1.00684
1.00708
1.00732
1.00756
1.00781
1.00805
1.0083
1.00854
1.00878
1.00903
1.00928
1.00952
1.00977
1.01001
1.01026
1.01051
1.01076
1.011
1.01125
1.0115
1.01175
1.012
1.01225
1.0125
1.01275
1.013
1.01325
1.0135
1.01375
1.014
1.01426
1.01451
1.01476
1.01502
1.01527
1.01552
1.01578
1.01603
1.01629
1.01654
1.0168
1.01705
1.01731
1.01757
1.01782
1.01808
1.01834
1.01859
1.01885
1.01911
1.01937
1.01963
1.01989
1.02015
1.02041
1.02067
1.02093
1.02119
1.02145
1.02171
1.02197
1.02223
1.0225
1.02276
1.02302
1.02328
1.02355
1.02381
1.02408
1.02434
1.0246
1.02487
1.02513
1.0254
1.02567
1.02593
1.0262
1.02647
1.02673
1.027
1.02727
1.02753
1.0278
1.02807
1.02834
1.02861
1.02888
1.02915
1.02942
1.02969
1.02996
1.03023
1.0305
1.03077
1.03104
1.03131
1.03159
1.03186
1.03213
1.0324
1.03268
1.03295
1.03322
1.0335
1.03377
1.03405
1.03432
1.0346
1.03487
1.03515
1.03542
1.0357
1.03597
1.03625
1.03653
1.0368
1.03708
1.03736
1.03764
1.03791
1.03819
1.03847
1.03875
1.03903
1.03931
1.03959
1.03987
1.04015
1.04043
1.04071
1.04099
1.04127
1.04155
1.04183
1.04211
1.0424
1.04268
1.04296
1.04324
1.04353
1.04381
1.04409
1.04438
1.04466
1.04495
1.04523
1.04551
1.0458
1.04608
1.04637
1.04665
1.04694
1.04723
1.04751
1.0478
1.04809
1.04837
1.04866
1.04895
1.04923
1.04952
1.04981
1.0501
1.05039
1.05068
1.05096
1.05125
1.05154
1.05183
1.05212
1.05241
1.0527
1.05299
1.05328
1.05357
1.05387
1.05416
1.05445
1.05474
1.05503
1.05532
1.05562
1.05591
1.0562
1.0565
1.05679
1.05708
1.05738
1.05767
1.05796
1.05826
1.05855
1.05885
1.05914
1.05944
1.05973
1.06003
1.06032
1.06062
1.06091
1.06121
1.06151
1.0618
1.0621
1.0624
1.06269
1.06299
1.06329
1.06359
1.06388
1.06418
1.06448
1.06478
1.06508
1.06538
1.06568
1.06598
1.06627
1.06657
1.06687
1.06717
1.06747
1.06777
1.06808
1.06838
1.06868
1.06898
1.06928
1.06958
1.06988
1.07018
1.07049
1.07079
1.07109
1.07139
1.0717
1.072
1.0723
1.0726
1.07291
1.07321
1.07352
1.07382
1.07412
1.07443
1.07473
1.07504
1.07534
1.07565
1.07595
1.07626
1.07656
1.07687
1.07717
1.07748
1.07779
1.07809
1.0784
1.0787
1.07901
1.07932
1.07963
1.07993
1.08024
1.08055
1.08086
1.08116
1.08147
1.08178
1.08209
1.0824
1.0827
1.08301
1.08332
1.08363
1.08394
1.08425
1.08456
1.08487
1.08518
1.08549
1.0858
1.08611
1.08642
1.08673
1.08704
1.08735
1.08766
1.08797
1.08829
1.0886
1.08891
1.08922
1.08953
1.08985
1.09016
1.09047
1.09078
1.09109
1.09141
1.09172
1.09203
1.09235
1.09266
1.09297
1.09329
1.0936
1.09391
1.09423
1.09454
1.09486
1.09517
1.09549
1.0958
1.09612
1.09643
1.09675
1.09706
1.09738
1.09769
1.09801
1.09832
1.09864
1.09896
1.09927
1.09959
1.0999
1.10022
1.10054
1.10085
1.10117
1.10149
1.10181
1.10212
1.10244
1.10276
1.10308
1.10339
1.10371
1.10403
1.10435
1.10467
1.10498
1.1053
1.10562
1.10594
1.10626
1.10658
1.1069
1.10722
1.10754
1.10786
1.10818
1.1085
1.10881
1.10913
1.10946
1.10978
1.1101
1.11042
1.11074
1.11106
1.11138
1.1117
1.11202
1.11234
1.11266
1.11298
1.11331
1.11363
1.11395
1.11427
1.11459
1.11491
1.11524
1.11556
1.11588
1.1162
1.11653
1.11685
1.11717
1.11749
1.11782
1.11814
1.11846
1.11879
1.11911
1.11943
1.11976
1.12008
1.1204
1.12073
1.12105
1.12138
1.1217
1.12202
1.12235
1.12267
1.123
1.12332
1.12365
1.12397
1.1243
1.12462
1.12495
1.12527
1.1256
1.12592
1.12625
1.12658
1.1269
1.12723
1.12755
1.12788
1.12821
1.12853
1.12886
1.12918
1.12951
1.12984
1.13016
1.13049
1.13082
1.13114
1.13147
1.1318
1.13213
1.13245
1.13278
1.13311
1.13344
1.13376
1.13409
1.13442
1.13475
1.13508
1.1354
1.13573
1.13606
1.13639
1.13672
1.13705
1.13737
1.1377
1.13803
1.13836
1.13869
1.13902
1.13935
1.13968
1.14001
1.14034
1.14066
1.14099
1.14132
1.14165
1.14198
1.14231
1.14264
1.14297
1.1433
1.14363
1.14396
1.14429
1.14462
1.14495
1.14528
1.14562
1.14595
1.14628
1.14661
1.14694
1.14727
1.1476
1.14793
1.14826
1.14859
1.14893
1.14926
1.14959
1.14992
1.15025
1.15058
1.15091
1.15125
1.15158
1.15191
1.15224
1.15257
1.15291
1.15324
1.15357
1.1539
1.15424
1.15457
1.1549
1.15523
1.15557
1.1559
1.15623
1.15656
1.1569
1.15723
1.15756
1.1579
1.15823
1.15856
1.1589
1.15923
1.15956
1.1599
1.16023
1.16056
1.1609
1.16123
1.16156
1.1619
1.16223
1.16257
1.1629
1.16323
1.16357
1.1639
1.16424
1.16457
1.16491
1.16524
1.16557
1.16591
1.16624
1.16658
1.16691
1.16725
1.16758
1.16792
1.16825
1.16859
1.16892
1.16926
1.16959
1.16993
1.17026
1.1706
1.17093
1.17127
1.1716
1.17194
1.17227
1.17261
1.17294
1.17328
1.17362
1.17395
1.17429
1.17462
1.17496
1.17529
1.17563
1.17597
1.1763
1.17664
1.17697
1.17731
1.17765
1.17798
1.17832
1.17865
1.17899
1.17933
1.17966
1.18
1.18034
1.18067
1.18101
1.18134
1.18168
1.18202
1.18235
1.18269
1.18303
1.18336
1.1837
1.18404
1.18437
1.18471
1.18505
1.18538
1.18572
1.18606
1.18639
1.18673
1.18707
1.18741
1.18774
1.18808
1.18842
1.18875
1.18909
1.18943
1.18976
1.1901
1.19044
1.19078
1.19111
1.19145
1.19179
1.19213
1.19246
1.1928
1.19314
1.19347
1.19381
1.19415
1.19449
1.19482
1.19516
1.1955
1.19584
1.19617
1.19651
1.19685
1.19719
1.19752
1.19786
1.1982
1.19854
1.19887
1.19921
1.19955
1.19989
1.20022
1.20056
1.2009
1.20124
1.20157
1.20191
1.20225
1.20259
1.20292
1.20326
1.2036
1.20394
1.20427
1.20461
1.20495
1.20529
1.20562
1.20596
1.2063
1.20664
1.20697
1.20731
1.20765
1.20799
1.20832
1.20866
1.209
1.20934
1.20967
1.21001
1.21035
1.21068
1.21102
1.21136
1.2117
1.21203
1.21237
1.21271
1.21305
1.21338
1.21372
1.21406
1.21439
1.21473
1.21507
1.21541
1.21574
1.21608
1.21642
1.21675
1.21709
1.21743
1.21776
1.2181
1.21844
1.21877
1.21911
1.21945
1.21978
1.22012
1.22046
1.22079
1.22113
1.22147
1.2218
1.22214
1.22248
1.22281
1.22315
1.22348
1.22382
1.22416
1.22449
1.22483
1.22516
1.2255
1.22584
1.22617
1.22651
1.22684
1.22718
1.22751
1.22785
1.22819
1.22852
1.22886
1.22919
1.22953
1.22986
1.2302
1.23053
1.23087
1.2312
1.23154
1.23187
1.23221
1.23254
1.23288
1.23321
1.23354
1.23388
1.23421
1.23455
1.23488
1.23521
1.23555
1.23588
1.23622
1.23655
1.23688
1.23722
1.23755
1.23788
1.23822
1.23855
1.23888
1.23922
1.23955
1.23988
1.24021
1.24055
1.24088
1.24121
1.24154
1.24188
1.24221
1.24254
1.24287
1.2432
1.24354
1.24387
1.2442
1.24453
1.24486
1.24519
1.24552
1.24586
1.24619
1.24652
1.24685
1.24718
1.24751
1.24784
1.24817
1.2485
1.24883
1.24916
1.24949
1.24982
1.25015
1.25048
1.2508
1.25113
1.25146
1.25179
1.25212
1.25245
1.25278
1.2531
1.25343
1.25376
1.25409
1.25442
1.25474
1.25507
1.2554
1.25572
1.25605
1.25638
1.2567
1.25703
1.25736
1.25768
1.25801
1.25833
1.25866
1.25898
1.25931
1.25964
1.25996
1.26028
1.26061
1.26093
1.26126
1.26158
1.26191
1.26223
1.26255
1.26288
1.2632
1.26352
1.26384
1.26417
1.26449
1.26481
1.26513
1.26545
1.26578
1.2661
1.26642
1.26674
1.26706
1.26738
1.2677
1.26802
1.26834
1.26866
1.26898
1.2693
1.26962
1.26994
1.27025
1.27057
1.27089
1.27121
1.27153
1.27184
1.27216
1.27248
1.27279
1.27311
1.27343
1.27374
1.27406
1.27437
1.27469
1.27501
1.27532
1.27563
1.27595
1.27626
1.27658
1.27689
1.2772
1.27752
1.27783
1.27814
1.27845
1.27877
1.27908
1.27939
1.2797
1.28001
1.28032
1.28063
1.28094
1.28125
1.28156
1.28187
1.28218
1.28249
1.28279
1.2831
1.28341
1.28372
1.28402
1.28433
1.28464
1.28494
1.28525
1.28556
1.28586
1.28617
1.28647
1.28677
1.28708
1.28738
1.28769
1.28799
1.28829
1.28859
1.2889
1.2892
1.2895
1.2898
1.2901
1.2904
1.2907
1.291
1.2913
1.2916
1.2919
1.29219
1.29249
1.29279
1.29309
1.29338
1.29368
1.29398
1.29427
1.29457
1.29486
1.29516
1.29545
1.29574
1.29604
1.29633
1.29662
1.29691
1.29721
1.2975
1.29779
1.29808
1.29837
1.29866
1.29895
1.29924
1.29953
1.29981
1.3001
1.30039
1.30068
1.30096
1.30125
1.30153
1.30182
1.3021
1.30239
1.30267
1.30296
1.30324
1.30352
1.3038
1.30409
1.30437
1.30465
1.30493
1.30521
1.30549
1.30577
1.30604
1.30632
1.3066
1.30688
1.30715
1.30743
1.30771
1.30798
1.30826
1.30853
1.3088
1.30908
1.30935
1.30962
1.30989
1.31016
1.31044
1.31071
1.31098
1.31124
1.31151
1.31178
1.31205
1.31232
1.31258
1.31285
1.31311
1.31338
1.31364
1.31391
1.31417
1.31443
1.3147
1.31496
1.31522
1.31548
1.31574
1.316
1.31626
1.31652
1.31678
1.31703
1.31729
1.31755
1.3178
1.31806
1.31831
1.31856
1.31882
1.31907
1.31932
1.31957
1.31983
1.32008
1.32033
1.32057
1.32082
1.32107
1.32132
1.32157
1.32181
1.32206
1.3223
1.32255
1.32279
1.32303
1.32328
1.32352
1.32376
1.324
1.32424
1.32448
1.32472
1.32495
1.32519
1.32543
1.32566
1.3259
1.32613
1.32637
1.3266
1.32683
1.32706
1.3273
1.32753
1.32776
1.32799
1.32821
1.32844
1.32867
1.3289
1.32912
1.32935
1.32957
1.32979
1.33002
1.33024
1.33046
1.33068
1.3309
1.33112
1.33134
1.33156
1.33177
1.33199
1.33221
1.33242
1.33264
1.33285
1.33306
1.33327
1.33349
1.3337
1.33391
1.33411
1.33432
1.33453
1.33474
1.33494
1.33515
1.33535
1.33556
1.33576
1.33596
1.33616
1.33636
1.33656
1.33676
1.33696
1.33716
1.33735
1.33755
1.33774
1.33794
1.33813
1.33832
1.33852
1.33871
1.3389
1.33909
1.33927
1.33946
1.33965
1.33983
1.34002
1.3402
1.34039
1.34057
1.34075
1.34093
1.34111
1.34129
1.34147
1.34165
1.34182
1.342
1.34217
1.34235
1.34252
1.34269
1.34286
1.34303
1.3432
1.34337
1.34354
1.34371
1.34387
1.34404
1.3442
1.34436
1.34453
1.34469
1.34485
1.34501
1.34517
1.34532
1.34548
1.34564
1.34579
1.34595
1.3461
1.34625
1.3464
1.34655
1.3467
1.34685
1.347
1.34714
1.34729
1.34743
1.34758
1.34772
1.34786
1.348
1.34814
1.34828
1.34842
1.34856
1.34869
1.34883
1.34896
1.34909
1.34923
1.34936
1.34949
1.34962
1.34974
1.34987
1.35
1.35012
1.35025
1.35037
1.35049
1.35061
1.35073
1.35085
1.35097
1.35109
1.3512
1.35132
1.35143
1.35154
1.35166
1.35177
1.35188
1.35199
1.35209
1.3522
1.35231
1.35241
1.35251
1.35262
1.35272
1.35282
1.35292
1.35302
1.35311
1.35321
1.3533
1.3534
1.35349
1.35358
1.35367
1.35376
1.35385
1.35394
1.35403
1.35411
1.3542
1.35428
1.35436
1.35444
1.35452
1.3546
1.35468
1.35475
1.35483
1.3549
1.35498
1.35505
1.35512
1.35519
1.35526
1.35533
1.35539
1.35546
1.35552
1.35559
1.35565
1.35571
1.35577
1.35583
1.35589
1.35594
1.356
1.35605
1.35611
1.35616
1.35621
1.35626
1.35631
1.35635
1.3564
1.35645
1.35649
1.35653
1.35657
1.35661
1.35665
1.35669
1.35673
1.35676
1.3568
1.35683
1.35686
1.3569
1.35693
1.35695
1.35698
1.35701
1.35703
1.35706
1.35708
1.3571
1.35712
1.35714
1.35716
1.35718
1.35719
1.35721
1.35722
1.35723
1.35724
1.35725
1.35726
1.35727
1.35728
1.35728
1.35728
1.35729
1.35729
1.35729
1.35729
1.35728
1.35728
1.35728
1.35727
1.35726
1.35726
1.35725
1.35723
1.35722
1.35721
1.3572
1.35718
1.35716
1.35714
1.35713
1.3571
1.35708
1.35706
1.35704
1.35701
1.35698
1.35696
1.35693
1.3569
1.35686
1.35683
1.3568
1.35676
1.35672
1.35669
1.35665
1.35661
1.35657
1.35652
1.35648
1.35643
1.35639
1.35634
1.35629
1.35624
1.35619
1.35614
1.35608
1.35603
1.35597
1.35591
1.35585
1.35579
1.35573
1.35567
1.3556
1.35554
1.35547
1.3554
1.35534
1.35526
1.35519
1.35512
1.35505
1.35497
1.35489
1.35482
1.35474
1.35466
1.35457
1.35449
1.35441
1.35432
1.35424
1.35415
1.35406
1.35397
1.35388
1.35378
1.35369
1.35359
1.3535
1.3534
1.3533
1.3532
1.3531
1.35299
1.35289
1.35278
1.35268
1.35257
1.35246
1.35235
1.35224
1.35212
1.35201
1.35189
1.35178
1.35166
1.35154
1.35142
1.35129
1.35117
1.35105
1.35092
1.35079
1.35066
1.35054
1.3504
1.35027
1.35014
1.35
1.34987
1.34973
1.34959
1.34945
1.34931
1.34917
1.34903
1.34888
1.34873
1.34859
1.34844
1.34829
1.34814
1.34798
1.34783
1.34768
1.34752
1.34736
1.3472
1.34704
1.34688
1.34672
1.34656
1.34639
1.34623
1.34606
1.34589
1.34572
1.34555
1.34538
1.3452
1.34503
1.34485
1.34467
1.3445
1.34432
1.34414
1.34395
1.34377
1.34358
1.3434
1.34321
1.34302
1.34283
1.34264
1.34245
1.34226
1.34206
1.34187
1.34167
1.34147
1.34127
1.34107
1.34087
1.34066
1.34046
1.34025
1.34005
1.33984
1.33963
1.33942
1.33921
1.33899
1.33878
1.33856
1.33835
1.33813
1.33791
1.33769
1.33747
1.33725
1.33702
1.3368
1.33657
1.33634
1.33611
1.33588
1.33565
1.33542
1.33519
1.33495
1.33472
1.33448
1.33424
1.334
1.33376
1.33352
1.33328
1.33303
1.33279
1.33254
1.33229
1.33204
1.33179
1.33154
1.33129
1.33104
1.33078
1.33053
1.33027
1.33001
1.32975
1.32949
1.32923
1.32897
1.3287
1.32844
1.32817
1.3279
1.32763
1.32736
1.32709
1.32682
1.32655
1.32627
1.326
1.32572
1.32544
1.32516
1.32488
1.3246
1.32432
1.32404
1.32375
1.32347
1.32318
1.32289
1.3226
1.32231
1.32202
1.32173
1.32144
1.32114
1.32085
1.32055
1.32025
1.31995
1.31965
1.31935
1.31905
1.31875
1.31844
1.31814
1.31783
1.31752
1.31722
1.31691
1.31659
1.31628
1.31597
1.31566
1.31534
1.31503
1.31471
1.31439
1.31407
1.31375
1.31343
1.31311
1.31278
1.31246
1.31213
1.31181
1.31148
1.31115
1.31082
1.31049
1.31016
1.30983
1.30949
1.30916
1.30882
1.30848
1.30815
1.30781
1.30747
1.30713
1.30679
1.30644
1.3061
1.30575
1.30541
1.30506
1.30471
1.30437
1.30402
1.30366
1.30331
1.30296
1.30261
1.30225
1.3019
1.30154
1.30118
1.30082
1.30046
1.3001
1.29974
1.29938
1.29902
1.29865
1.29829
1.29792
1.29756
1.29719
1.29682
1.29645
1.29608
1.29571
1.29533
1.29496
1.29459
1.29421
1.29384
1.29346
1.29308
1.2927
1.29232
1.29194
1.29156
1.29118
1.29079
1.29041
1.29002
1.28964
1.28925
1.28886
1.28848
1.28809
1.2877
1.28731
1.28691
1.28652
1.28613
1.28573
1.28534
1.28494
1.28454
1.28415
1.28375
1.28335
1.28295
1.28255
1.28214
1.28174
1.28134
1.28093
1.28053
1.28012
1.27971
1.27931
1.2789
1.27849
1.27808
1.27767
1.27726
1.27684
1.27643
1.27602
1.2756
1.27519
1.27477
1.27435
1.27393
1.27352
1.2731
1.27268
1.27226
1.27183
1.27141
1.27099
1.27056
1.27014
1.26971
1.26929
1.26886
1.26843
1.26801
1.26758
1.26715
1.26672
1.26628
1.26585
1.26542
1.26499
1.26455
1.26412
1.26368
1.26325
1.26281
1.26237
1.26194
1.2615
1.26106
1.26062
1.26018
1.25973
1.25929
1.25885
1.25841
1.25796
1.25752
1.25707
1.25663
1.25618
1.25573
1.25528
1.25484
1.25439
1.25394
1.25349
1.25304
1.25258
1.25213
1.25168
1.25123
1.25077
1.25032
1.24986
1.24941
1.24895
1.24849
1.24803
1.24758
1.24712
1.24666
1.2462
1.24574
1.24528
1.24481
1.24435
1.24389
1.24343
1.24296
1.2425
1.24203
1.24157
1.2411
1.24063
1.24017
1.2397
1.23923
1.23876
1.23829
1.23782
1.23735
1.23688
1.23641
1.23594
1.23547
1.23499
1.23452
1.23405
1.23357
1.2331
1.23262
1.23215
1.23167
1.23119
1.23072
1.23024
1.22976
1.22928
1.2288
1.22832
1.22784
1.22736
1.22688
1.2264
1.22592
1.22544
1.22496
1.22447
1.22399
1.22351
1.22302
1.22254
1.22205
1.22157
1.22108
1.22059
1.22011
1.21962
1.21913
1.21864
1.21816
1.21767
1.21718
1.21669
1.2162
1.21571
1.21522
1.21473
1.21423
1.21374
1.21325
1.21276
1.21226
1.21177
1.21128
1.21078
1.21029
1.20979
1.2093
1.2088
1.20831
1.20781
1.20732
1.20682
1.20632
1.20583
1.20533
1.20483
1.20433
1.20383
1.20333
1.20284
1.20234
1.20184
1.20134
1.20084
1.20033
1.19983
1.19933
1.19883
1.19833
1.19783
1.19732
1.19682
1.19632
1.19582
1.19531
1.19481
1.19431
1.1938
1.1933
1.19279
1.19229
1.19178
1.19128
1.19077
1.19027
1.18976
1.18925
1.18875
1.18824
1.18773
1.18723
1.18672
1.18621
1.1857
1.18519
1.18469
1.18418
1.18367
1.18316
1.18265
1.18214
1.18163
1.18112
1.18061
1.1801
1.17959
1.17908
1.17857
1.17806
1.17755
1.17704
1.17653
1.17602
1.17551
1.17499
1.17448
1.17397
1.17346
1.17295
1.17243
1.17192
1.17141
1.1709
1.17038
1.16987
1.16936
1.16884
1.16833
1.16782
1.1673
1.16679
1.16628
1.16576
1.16525
1.16473
1.16422
1.1637
1.16319
1.16268
1.16216
1.16165
1.16113
1.16062
1.1601
1.15959
1.15907
1.15856
1.15804
1.15753
1.15701
1.1565
1.15598
1.15546
1.15495
1.15443
1.15392
1.1534
1.15289
1.15237
1.15185
1.15134
1.15082
1.15031
1.14979
1.14927
1.14876
1.14824
1.14773
1.14721
1.14669
1.14618
1.14566
1.14514
1.14463
1.14411
1.1436
1.14308
1.14256
1.14205
1.14153
1.14101
1.1405
1.13998
1.13947
1.13895
1.13843
1.13792
1.1374
1.13688
1.13637
1.13585
1.13534
1.13482
1.1343
1.13379
1.13327
1.13276
1.13224
1.13173
1.13121
1.13069
1.13018
1.12966
1.12915
1.12863
1.12812
1.1276
1.12709
1.12657
1.12606
1.12554
1.12503
1.12451
1.124
1.12348
1.12297
1.12245
1.12194
1.12142
1.12091
1.1204
1.11988
1.11937
1.11885
1.11834
1.11783
1.11731
1.1168
1.11629
1.11577
1.11526
1.11475
1.11423
1.11372
1.11321
1.11269
1.11218
1.11167
1.11116
1.11065
1.11013
1.10962
1.10911
1.1086
1.10809
1.10758
